吸血鬼猎人林肯	0	0	0.0
琥珀望远镜	0	0	0.0
时间机器	24	3	0.125
蜜蜂的寓言	0	0	0.0
萝球社	0	0	0.0
尼各马可伦理学	0	0	0.0
新生	6356	641	0.100849590938
虹彩六号	0	0	0.0
失落的故事集	0	0	0.0
巾帼英雄贞德传	0	0	0.0
霸剑皇姬阿尔缇娜	0	0	0.0
波西之初	0	0	0.0
满洲候选人	0	0	0.0
炼金术士	8	1	0.125
心的概念	0	0	0.0
洞	4373	1134	0.259318545621
圣剑使的禁咒咏唱	1	0	0.0
神的食物	0	0	0.0
穹顶之下	77	0	0.0
银河帝国三部曲	0	0	0.0
射进心房	0	0	0.0
社会的麦当劳化	0	0	0.0
玛丽	419	134	0.319809069212
问题儿童都来自异世界	1	0	0.0
回到北风	0	0	0.0
2061太空漫游	0	0	0.0
猎鲨记	0	0	0.0
歪笑小说	0	0	0.0
潜水钟与蝴蝶	18	18	1.0
猜猜我有多爱你	88	0	0.0
德伯家的苔丝	4	0	0.0
布哈里圣训	0	0	0.0
时间线	38	18	0.473684210526
预视力量	0	0	0.0
骗局	925	235	0.254054054054
增血鬼果林	0	0	0.0
超级魔鬼经济学	0	0	0.0
龙纹身的女孩	21	0	0.0
C程序设计语言	0	0	0.0
英国病人	29	24	0.827586206897
美国语言	1	0	0.0
如焉@sarscome	0	0	0.0
美国内战	3	0	0.0
波西的反击	0	0	0.0
历史耶稣的探索	0	0	0.0
秧歌	13	6	0.461538461538
德语课	8	0	0.0
读写何用	0	0	0.0
罗雷司	0	0	0.0
格雷氏解剖学	0	0	0.0
奇诺之旅	8	0	0.0
21世纪议程	0	0	0.0
彩虹鱼	0	0	0.0
斯泰尔斯的神秘案件	0	0	0.0
铳皇无尽的法夫纳	0	0	0.0
Vita Sexualis	0	0	0.0
我被绑架到贵族女校当庶民样本	1	0	0.0
三国演义	350	211	0.602857142857
雪国	41	29	0.707317073171
影响人类历史进程的100名人排行榜	0	0	0.0
昨日之岛	0	0	0.0
身为男高中生兼当红轻小说作家的我正被年纪比我小从事声优工作的女同学掐住脖子	0	0	0.0
九个明天	0	0	0.0
GANGSTA	0	0	0.0
你往何处去	2	0	0.0
恶魔贼	0	0	0.0
授者	0	0	0.0
内外科看护学	0	0	0.0
逃离乐园岛	0	0	0.0
摩尔门经	0	0	0.0
荷属东印度群岛的猪笼草科植物	0	0	0.0
维也纳迪奥科里斯	0	0	0.0
简爱	65	42	0.646153846154
在世界的中心呼喊爱情	0	0	0.0
帕尔代朗	0	0	0.0
血字的研究	0	0	0.0
圣洁之罪	0	0	0.0
第三种文化	0	0	0.0
玛丝翰妇人的歇息	0	0	0.0
香水	13076	1888	0.144386662588
前贤故实	0	0	0.0
玫瑰园图	0	0	0.0
AllMovie	0	0	0.0
何典	4	0	0.0
完美的间谍	0	0	0.0
奥林匹克的赎金	0	0	0.0
鼠疫	15	7	0.466666666667
某一天炸弹从天而降	0	0	0.0
情感教育	0	0	0.0
告密者	3	2	0.666666666667
新妹魔王的契约者	2	0	0.0
恋恋冬季	0	0	0.0
道路交通管理标志统一守则	0	0	0.0
具体数学	15	0	0.0
绿房子	0	0	0.0
午夜快车	0	0	0.0
安妮日记	4	0	0.0
公共领域的结构转型	0	0	0.0
提尔密济圣训集	0	0	0.0
女巫之槌	0	0	0.0
史记	244	136	0.55737704918
最高权力	3	0	0.0
小酒店	1	0	0.0
世界文明史	3	0	0.0
了凡四训	37	29	0.783783783784
案中案	1	0	0.0
魔法学校	5	0	0.0
查理大帝传	0	0	0.0
小心轻放	2	0	0.0
甲贺忍法帖	6	4	0.666666666667
黑暗之半	0	0	0.0
一日重生	0	0	0.0
超限战	1	1	1.0
青春咖啡馆	1	0	0.0
薯片	444	68	0.153153153153
杀意的圈套	0	0	0.0
多事的十年	0	0	0.0
D机关	0	0	0.0
共产党宣言	24	0	0.0
冰雪女王	3	0	0.0
河仙镇叶镇鄚氏家谱	0	0	0.0
诡辩篇	0	0	0.0
血战	36	16	0.444444444444
抉择时刻	0	0	0.0
马太圣经	0	0	0.0
没有我们的世界	0	0	0.0
线性音韵学	0	0	0.0
龙凤宝钗缘	0	0	0.0
三杯茶	7	0	0.0
玫瑰尘行动	0	0	0.0
龙与地下城基本版第二修定版	0	0	0.0
心智探奇	0	0	0.0
顽童历险记	0	0	0.0
火花	112	21	0.1875
战斗吧书店女孩	0	0	0.0
黄昏色的咏使	0	0	0.0
白金版大地图	0	0	0.0
9S	0	0	0.0
希腊史	0	0	0.0
公祷书	0	0	0.0
夏への扉	0	0	0.0
新时间简史	0	0	0.0
弗德马先生案例的真相	0	0	0.0
乔治的宇宙寻宝	0	0	0.0
神隐之狼	1	0	0.0
吉尼斯世界纪录游戏玩家版	0	0	0.0
蒸馏制程设计	0	0	0.0
RDG 濒危物种少女	0	0	0.0
正子人	0	0	0.0
狼图腾	54	42	0.777777777778
尘世权力	0	0	0.0
将军与儿子	0	0	0.0
荒野生存	26	18	0.692307692308
恋空	40	36	0.9
荒野侦探	1	0	0.0
月球上最早的人类	0	0	0.0
沙丘之女	0	0	0.0
震撼世界的十天	0	0	0.0
惊魂记	12	9	0.75
我克劳迪亚斯	0	0	0.0
征服者	13	6	0.461538461538
杜登	0	0	0.0
海边的卡夫卡	18	0	0.0
人体的构造	0	0	0.0
桃音夕音的轻小说日记	0	0	0.0
漂泊手记	0	0	0.0
我知道笼中的鸟儿缘何歌唱	0	0	0.0
红色情杀	0	0	0.0
鼠在江户奔跑	0	0	0.0
阿奇正传	0	0	0.0
封神演义	31	19	0.612903225806
安眠医生	0	0	0.0
意象派诗选	0	0	0.0
1421中国发现世界	0	0	0.0
悬诗	0	0	0.0
天堂之火	0	0	0.0
伊玛目马立克圣训集	0	0	0.0
大象的眼泪	3	0	0.0
黑暗的速度	0	0	0.0
昨日的世界	6	0	0.0
数字化生存	0	0	0.0
丰乳肥臀	29	0	0.0
葵晔集 历代诗词曲选集	0	0	0.0
空战魔导士培训生的教官	0	0	0.0
夏先生的故事	0	0	0.0
马格里亚贝奇亚诺手抄本	0	0	0.0
士兵的报酬	0	0	0.0
月亮和六便士	30	0	0.0
黄昏战争	0	0	0.0
阿凡达的艺术詹姆斯卡梅隆的史诗冒险	0	0	0.0
莱拉和玛吉努	0	0	0.0
长老	78	11	0.141025641026
Fuck禁忌词与保护我们的第一修正案自由	0	0	0.0
舞舞舞	4	0	0.0
第一滴血	10	6	0.6
明实录	1	0	0.0
当不成勇者的我只好认真找工作了	0	0	0.0
杨氏直译本	0	0	0.0
兄弟	2577	674	0.26154443151
暴戾人	0	0	0.0
幕	17779	4223	0.23752741999
苍穹一粟	0	0	0.0
黑色棉花田	0	0	0.0
犬类智商	0	0	0.0
我的狐姬主人	0	0	0.0
黎明行者号	0	0	0.0
纳粹追凶	0	0	0.0
日本国见在书目录	0	0	0.0
论题篇	0	0	0.0
鸫	13	5	0.384615384615
柳生武艺帐	0	0	0.0
红龙	27	11	0.407407407407
巴拿巴福音	0	0	0.0
Another	0	0	0.0
打鬼战士1世界末日求生指南	0	0	0.0
走到人生边上自问自答	0	0	0.0
日本后纪	0	0	0.0
圣经新普及译本	0	0	0.0
光学	465	44	0.094623655914
讚歌	0	0	0.0
250天伦敦应召日记	0	0	0.0
马丁伊登	1	0	0.0
说谎者比利	0	0	0.0
横子的故事	0	0	0.0
增长的极限	3	0	0.0
魔鬼的法则	0	0	0.0
半生缘	33	28	0.848484848485
暗夜无星	0	0	0.0
南翁梦录	0	0	0.0
布拉热洛纳子爵	1	0	0.0
魔法学园MA	0	0	0.0
Wiki之道	0	0	0.0
恶心	3183	913	0.286836317939
5月35日	0	0	0.0
当我们谈论爱情时我们在谈论什么	1	0	0.0
棋王	12	6	0.5
天堂的玫瑰	0	0	0.0
性学三论	2	0	0.0
道德谱系学	0	0	0.0
丁庄梦	9	0	0.0
不不男孩	0	0	0.0
看不见的城市	7	0	0.0
Linux From Scratch	0	0	0.0
天使雕像	1	0	0.0
雅各的千秋之年	0	0	0.0
偶像防卫队	0	0	0.0
海潮之声	0	0	0.0
古代城邦	0	0	0.0
晚安月亮	0	0	0.0
开膛手杰克最终解答	0	0	0.0
黑水灯塔船	0	0	0.0
古都	62	11	0.177419354839
两次世界大战之间的国际关系	0	0	0.0
落第骑士英雄谭	4	0	0.0
曙光中的机器人	0	0	0.0
玛丽罗杰奇案	0	0	0.0
逻辑哲学论	6	0	0.0
基地	1331	256	0.192336589031
物种起源	13	0	0.0
风儿不要来	0	0	0.0
牠	10	1	0.1
烟与镜	0	0	0.0
一九八四	14	0	0.0
日常生活中的异能战斗	0	0	0.0
白色荣光3阿里阿德涅的子弹	0	0	0.0
狼厅	0	0	0.0
我们的战争	2	0	0.0
漫画大全	0	0	0.0
德尔菲娜	0	0	0.0
樱田门外之变	0	0	0.0
我们扭曲的英雄	0	0	0.0
怪兽内部	0	0	0.0
智者的科学指南	0	0	0.0
恶女们的手术刀	0	0	0.0
尼古拉斯尼克贝	0	0	0.0
时间回旋	2	0	0.0
小春原日和的育成日记	0	0	0.0
荀子	16	9	0.5625
庚子西狩丛谈	0	0	0.0
绞刑架下的报告	0	0	0.0
金粉世家	73	59	0.808219178082
桃心之剑	0	0	0.0
铁路边的孩子们	0	0	0.0
演员的自我修养	11	0	0.0
波斯少年	1	0	0.0
夏娃的女儿	0	0	0.0
莫法尼亚	0	0	0.0
日本天皇的阴谋	0	0	0.0
恶魔的手毬歌	0	0	0.0
不存在的女儿	0	0	0.0
奥巴马日记	0	0	0.0
69 sixty nine	0	0	0.0
神剑	17	7	0.411764705882
西方将主宰多久	0	0	0.0
异乡人	24	14	0.583333333333
德里纳河上的桥	0	0	0.0
亚马逊漂流记	0	0	0.0
霍斯陆和席琳	0	0	0.0
我儿佳比	0	0	0.0
南总里见八犬传	1	0	0.0
恐惧状态	0	0	0.0
迷雾之子昇华之井	0	0	0.0
醉后型男日记	0	0	0.0
苏丝黄的世界	0	0	0.0
红与黑	27	19	0.703703703704
干校六记	1	0	0.0
和汉三才图会	0	0	0.0
漫长的告别	4	0	0.0
黑与蓝	0	0	0.0
改变世界的100幅照片	0	0	0.0
查拉图斯特拉如是说	13	0	0.0
道德情操论	5	0	0.0
黑暗的心	0	0	0.0
布登勃洛克家族	0	0	0.0
圣诗学典考	0	0	0.0
永别了武器	0	0	0.0
入侵宗教	0	0	0.0
无家可归中学	0	0	0.0
结婚十年	5	1	0.2
刀锋	52	29	0.557692307692
小城畸人	1	0	0.0
诫命书	0	0	0.0
南京浩劫被遗忘的大屠杀	0	0	0.0
什么是数学	11	0	0.0
查理与巧克力工厂	3	0	0.0
神祕河流	0	0	0.0
淀君日记	0	0	0.0
寓所谜案	0	0	0.0
卡斯提拉我和父亲最长的一天	0	0	0.0
夜访良辰镇	0	0	0.0
波斯人信札	0	0	0.0
阿里郎之歌	0	0	0.0
长腿先生	0	0	0.0
守夜人	25	15	0.6
骨时钟	0	0	0.0
时钟机关之星	0	0	0.0
深夜加油站遇见苏格拉底	2	0	0.0
沙丘之子	0	0	0.0
明夷待访录	1	0	0.0
晋书	10	7	0.7
教会教义学	0	0	0.0
出事的那一天	0	0	0.0
化身博士	2	0	0.0
我知道你去年夏天都干了什么	0	0	0.0
平成猿蟹合战图	0	0	0.0
辛德勒方舟	0	0	0.0
博斯星表	0	0	0.0
阿瓦隆的迷雾	0	0	0.0
红花侠的历险	0	0	0.0
魔界大开	0	0	0.0
女人之旅	0	0	0.0
娃娃谷	0	0	0.0
游戏的人	92	0	0.0
末代太后	0	0	0.0
海伯利安	9	0	0.0
火龙神器阵法	0	0	0.0
命运交织的城堡	0	0	0.0
O的故事	0	0	0.0
婆罗洲的猪笼草属植物	0	0	0.0
Madonna	0	0	0.0
深渊居民	0	0	0.0
如果在冬夜一个旅人	3	0	0.0
午夜之子	2	0	0.0
四朝代	0	0	0.0
星尘	20	11	0.55
自由灵魂	1	0	0.0
随风飘舞的塑胶布	0	0	0.0
十国春秋	0	0	0.0
自杀论	0	0	0.0
七剑下天山	1	0	0.0
锡公主	0	0	0.0
世界征服者史	1	0	0.0
梦书之城	0	0	0.0
廷续彩虹的光环	0	0	0.0
人类的由来	0	0	0.0
Liff的意义	0	0	0.0
银汉之贼	0	0	0.0
在流星消逝前	0	0	0.0
激情化学	0	0	0.0
奋斗吧系统工程师	0	0	0.0
波西杰克森—神火之贼	0	0	0.0
列车上的女孩	0	0	0.0
爱因斯坦的梦	0	0	0.0
确証	0	0	0.0
第凡内早餐	0	0	0.0
开放社会及其敌人	1	0	0.0
山居岁月	0	0	0.0
心灵诡计	0	0	0.0
面包汤和猫的天气	0	0	0.0
在轮下	0	0	0.0
冰站	0	0	0.0
威弗莱	0	0	0.0
别让我走	11	0	0.0
荒野新生	0	0	0.0
再死一次	0	0	0.0
Zodiac	0	0	0.0
目标	17727	2959	0.166920516726
言论的边界	0	0	0.0
白色荣光4螺钿迷宫	0	0	0.0
泰晤士世界历史地图集	1	0	0.0
Wang	0	0	0.0
同名小说	10	0	0.0
国际政治理论	0	0	0.0
那是鸟那是飞机那是超人	0	0	0.0
下流之宴	0	0	0.0
the magic finger	0	0	0.0
失控	135	57	0.422222222222
穿越时空找到我	0	0	0.0
哲学研究	17	0	0.0
塞拉菲尼写本	0	0	0.0
女鼓手	4	0	0.0
政治经济学和税收原理	0	0	0.0
大教堂和市集	0	0	0.0
侠客行	10	6	0.6
明智的孩子	1	0	0.0
玉子市场	3	0	0.0
蛛巢小径	0	0	0.0
夺桥遗恨	0	0	0.0
我的生活	305	0	0.0
老残游记	2	0	0.0
摩押是我的沐浴盆	0	0	0.0
宇宙学入门	0	0	0.0
富爸爸穷爸爸	5	0	0.0
傅科摆	7	0	0.0
宗教生活的基本形式	0	0	0.0
抽丝剥茧	1	0	0.0
恶童日记	4	0	0.0
曼斯菲尔德庄园	2	0	0.0
雪球	78	14	0.179487179487
灰烬之城骸骨之城3	0	0	0.0
辽史	1	1	1.0
Free	0	0	0.0
迷雾之子永世英雄	0	0	0.0
论基督教教义	0	0	0.0
天渊	5	2	0.4
魔法少女育成计划	0	0	0.0
三坪房间的侵略者	1	0	0.0
黑魔女学园	0	0	0.0
创龙传	0	0	0.0
谎言之日	0	0	0.0
欢喜冤家俏佳人	0	0	0.0
入唐求法巡礼行记	0	0	0.0
魔幻玩具铺	0	0	0.0
克里斯蒂安罗森克鲁兹的化学婚礼	0	0	0.0
利维坦	7	0	0.0
威尼斯之死	0	0	0.0
会说话的香港地图	0	0	0.0
波西杰克森—迷宫战场	0	0	0.0
墓园里的男孩	0	0	0.0
隐形人	12	4	0.333333333333
天体运行论	3	0	0.0
代数几何基础	0	0	0.0
3001太空漫游	0	0	0.0
迦因小传	0	0	0.0
津轻百年食堂	0	0	0.0
三侠五义	1	0	0.0
快乐王子与其他故事	0	0	0.0
伯罗奔尼撒战争史	3	0	0.0
长腿叔叔	144	19	0.131944444444
真相	29965	6260	0.208910395461
布鲁克林	8	2	0.25
廷臣论	0	0	0.0
文明小史	0	0	0.0
九三年	4	3	0.75
城市与狗	0	0	0.0
南方大作战	1	0	0.0
万有引力之虹	4	0	0.0
千羽鹤	0	0	0.0
这样算是殭尸吗	0	0	0.0
无畏之心	0	0	0.0
诸神渴了	0	0	0.0
歌门鬼城	1	0	0.0
天人	541	52	0.0961182994455
隋书	0	0	0.0
好女人的爱情	0	0	0.0
哥伦比亚百科全书	3	0	0.0
百岁老人翘家去	1	0	0.0
流浪者之歌	5	1	0.2
普拉特罗和我	0	0	0.0
SIMOUN	0	0	0.0
广菌谱	0	0	0.0
龙与地下城城主指南	0	0	0.0
全唐诗	6	6	1.0
我们	62517	13383	0.214069773022
罗杰艾克洛命案	0	0	0.0
易经	133	66	0.496240601504
卡拉马佐夫兄弟	10	0	0.0
记忆女神的女儿们	0	0	0.0
蓝眼人	0	0	0.0
爱丽丝梦游仙境	29	20	0.689655172414
独角兽	28	8	0.285714285714
铳梦	4	3	0.75
蜡烛的化学史	0	0	0.0
实践理性批判	1	0	0.0
少爷	135	44	0.325925925926
鲁滨逊克鲁索的更远历险	0	0	0.0
灿烂千阳	28	0	0.0
元和姓纂	0	0	0.0
死亡审判	0	0	0.0
UNIX环境高级编程	0	0	0.0
康熙字典	20	9	0.45
我的名字叫红	5	0	0.0
热天午夜之慾望地带	0	0	0.0
海底两万里	15	0	0.0
资本主义与自由	0	0	0.0
末日逼近	1	0	0.0
百科全书或艺术与科学通用字典	0	0	0.0
史迈斯报告	0	0	0.0
诺桑觉寺	1	1	1.0
红花侠	0	0	0.0
剑桥中国史	14	0	0.0
无冬城	0	0	0.0
圣经新译本	0	0	0.0
未来时速	0	0	0.0
工具论	1	0	0.0
伊甸之东	0	0	0.0
野棕榈	0	0	0.0
意识形态的崇高客体	0	0	0.0
水手服与机关枪	0	0	0.0
碎魔晶	0	0	0.0
帅哥西装	0	0	0.0
野性花园食虫植物栽培	0	0	0.0
白马啸西风	7	0	0.0
三只瞎老鼠及其他	0	0	0.0
夜未央	2	0	0.0
后汉书	3	2	0.666666666667
泰利耶-兰斯手抄本	0	0	0.0
论意志之束缚	0	0	0.0
女信长	0	0	0.0
繁花圣母	0	0	0.0
我那特异的奶奶	0	0	0.0
魔王之类的啦	0	0	0.0
酒醒就回家	0	0	0.0
人气妹妹与受难的我	0	0	0.0
其中1个是妹妹	0	0	0.0
大魔法师	3	0	0.0
史特朗经文汇编	0	0	0.0
时间轴	78	41	0.525641025641
攸关生存	0	0	0.0
上帝错觉	0	0	0.0
世界史纲	0	0	0.0
太空人	0	0	0.0
曼波之王的情歌	0	0	0.0
钢琴教师	9	4	0.444444444444
给梦的女孩	0	0	0.0
爱拉与穴熊族	0	0	0.0
GJ部	0	0	0.0
异世界圣机师物语	0	0	0.0
第一透镜人	0	0	0.0
海滩	193	57	0.295336787565
献给某飞行员的夜想曲	0	0	0.0
衣裳哲学	0	0	0.0
冰屋	1	0	0.0
猎铳	0	0	0.0
三遂平妖传	0	0	0.0
小王子	460	322	0.7
论犹太民族问题	0	0	0.0
七场会议	0	0	0.0
悲喜边缘的旅馆	0	0	0.0
贝登堡	0	0	0.0
哲学字典	0	0	0.0
墙壁里的狼	0	0	0.0
最后一桩案子	0	0	0.0
美国人的危机	0	0	0.0
撒旦诗篇	1	0	0.0
如何驯服你的龙	0	0	0.0
一个人的圣经	0	0	0.0
梅森和迪克逊	0	0	0.0
奇风岁月	2	0	0.0
刺青	3548	598	0.168545659526
机械启示录	0	0	0.0
珍妮姑娘	1	0	0.0
清平山堂话本	0	0	0.0
罗生克兰和盖登思邓死了	0	0	0.0
小魔女DoReMi	0	0	0.0
浮生六记	41	0	0.0
资本主义黑皮书	0	0	0.0
第三次浪潮	0	0	0.0
献辞	0	0	0.0
元亨释书	0	0	0.0
亡命之徒	8	6	0.75
普通法	5	1	0.2
西游补	1	0	0.0
尚书	31	26	0.838709677419
诸神的复活——列奥纳多达芬奇	0	0	0.0
尤弗依斯	0	0	0.0
莫瑞斯	1	1	1.0
喻世明言	0	0	0.0
和平之战	0	0	0.0
华氏451度	0	0	0.0
如果高校棒球女子经理读了彼得杜拉克	0	0	0.0
想像的共同体	0	0	0.0
无头骑士异闻录DuRaRaRa	0	0	0.0
老负鼠的猫经	0	0	0.0
超能奇兵	0	0	0.0
猎杀红色十月号	0	0	0.0
玛蒂达	0	0	0.0
憨第德	0	0	0.0
最后的战役	13	0	0.0
神鬼危机	0	0	0.0
环游世界八十天	0	0	0.0
小黑人桑波	0	0	0.0
笨蛋测验召唤兽	1	0	0.0
有时候他们会回来	0	0	0.0
The Outsiders	0	0	0.0
锡兰岛的历史关系	0	0	0.0
创化论	0	0	0.0
智慧的七柱	0	0	0.0
光明书信集	0	0	0.0
公主与哥布林	0	0	0.0
米德尔马契	0	0	0.0
战地情人	1	0	0.0
消失量之鬼	0	0	0.0
神鵰侠侣	0	0	0.0
粗鲁的英国	0	0	0.0
幽巡者	0	0	0.0
浮华世界	0	0	0.0
人皆有一死	15	0	0.0
金瓶梅	146	98	0.671232876712
MathWorld	0	0	0.0
爱上莱特	0	0	0.0
中国哲学史大纲	2	0	0.0
女权辩护	0	0	0.0
手机	27713	7741	0.279327391477
驱逐之战	0	0	0.0
姑获鸟之夏	6	0	0.0
上帝与新物理学	0	0	0.0
失乐园	19	15	0.789473684211
盛世危言	0	0	0.0
自然系统	0	0	0.0
彼得潘	15	5	0.333333333333
幽灵什么的我看不见	0	0	0.0
坤舆格致	0	0	0.0
天龙八部_	0	0	0.0
知更鸟的赌注	0	0	0.0
星际战争	4	1	0.25
绿色资本主义	0	0	0.0
大着作	0	0	0.0
自由选择	62	0	0.0
论人类不平等的起源与基础	0	0	0.0
蛇信与舌环	0	0	0.0
红兔子	0	0	0.0
黑暗传	0	0	0.0
少年小树之歌	0	0	0.0
福尔摩斯档案簿	0	0	0.0
说故事的女孩	0	0	0.0
神农本草经	6	0	0.0
圣经思高本	0	0	0.0
杖	188	47	0.25
七个兄弟	0	0	0.0
西印度群岛的草药书	0	0	0.0
古代社会	13	0	0.0
三年坂火之梦	0	0	0.0
怀疑派化学家	0	0	0.0
哈扎尔辞典	10	0	0.0
爱伦坡暗影	0	0	0.0
十牛图	1	0	0.0
中国哲学简史	15	0	0.0
战争与和平	29	24	0.827586206897
坏疗法	0	0	0.0
西游记	723	400	0.553250345781
盲眼钟表匠	1	0	0.0
hack AI buster	0	0	0.0
货币战争	65	56	0.861538461538
红楼梦	980	731	0.745918367347
罗马帝王纪	0	0	0.0
道林格雷的画像	4	0	0.0
第四见习生	0	0	0.0
雨的祈祷	0	0	0.0
毛主席语录	7	0	0.0
革命军	16	10	0.625
如果折断她的旗	0	0	0.0
情慾凡尔赛	0	0	0.0
环形世界	0	0	0.0
一个陌生女子的来信	0	0	0.0
低地	6	0	0.0
复仇女神	1	1	1.0
坏妈妈	1	0	0.0
1913世纪之夏的浪荡子们	0	0	0.0
北方之星	0	0	0.0
大车手	0	0	0.0
君吻	0	0	0.0
语言真理与逻辑	0	0	0.0
盗贼之王	0	0	0.0
W的悲剧	0	0	0.0
出淤莲花	0	0	0.0
战争风云	0	0	0.0
魔术师的花园	0	0	0.0
被狙击的学园	4	0	0.0
葛瑞恩亚文化	0	0	0.0
妇女研究	0	0	0.0
天使养成法则	0	0	0.0
香格里拉	336	26	0.077380952381
阿甘后传	3	0	0.0
魔鬼圣经	1	0	0.0
直指心体要节	0	0	0.0
易碎物	3	0	0.0
培根配啥都美味	0	0	0.0
美满婚姻	0	0	0.0
学园天堂	0	0	0.0
地海奇风	0	0	0.0
乐琦的神奇力量	0	0	0.0
鸽子	242	50	0.206611570248
小猎犬号航海记	0	0	0.0
正义一场思辨之旅	0	0	0.0
我即我脑	0	0	0.0
国际的犹太人	0	0	0.0
守护者系列	0	0	0.0
买手套去	0	0	0.0
任何一种能够作为科学出现的未来形而上学导论	0	0	0.0
英文连结	0	0	0.0
判断力批判	0	0	0.0
联共党史简明教程	0	0	0.0
独自和解	0	0	0.0
我们仨	34	28	0.823529411765
缅甸竖琴	0	0	0.0
山之音	0	0	0.0
格列佛游记	8	0	0.0
人类灭绝之后的动物	0	0	0.0
快乐的科学	0	0	0.0
约翰逊传	0	0	0.0
吸血鬼王子	0	0	0.0
赎罪	57	28	0.491228070175
DOG DAYS	0	0	0.0
帝国政界往事	2	0	0.0
异色狙杀	0	0	0.0
紫禁城	39	13	0.333333333333
基地前奏	1	0	0.0
2030发生在美国的真实故事	0	0	0.0
练兵实纪	0	0	0.0
学习的条件	1	0	0.0
末世之家	0	0	0.0
三口棺材	1	0	0.0
战争画师	0	0	0.0
第三帝国兴亡史	0	0	0.0
UNIX痛恨者手册	0	0	0.0
自由君主的真正法律	0	0	0.0
柯林斯英语词典	0	0	0.0
百年之恋	0	0	0.0
宠儿	13	1	0.0769230769231
再见宝贝再见	0	0	0.0
NET圣经	0	0	0.0
科学和艺术的进步对改良风俗是否有益	0	0	0.0
以斯帖记	0	0	0.0
浪迹海外	0	0	0.0
伊斯坦布尔一座城市的记忆	0	0	0.0
彩虹萤火虫永远的暑假	0	0	0.0
远西奇器图说录最	0	0	0.0
梦十夜	2	1	0.5
诸神之城伊岚翠	0	0	0.0
马来群岛	1	0	0.0
万延元年的足球队	1	0	0.0
事发的19分钟	0	0	0.0
伊斯顿的圣经词典	0	0	0.0
美生中国人	0	0	0.0
博士热爱的算式	0	0	0.0
妻妾成群	6	2	0.333333333333
我的奋斗	107	0	0.0
毛泽东私人医生回忆录	1	0	0.0
刺青杀人事件	0	0	0.0
巴黎伦敦落魄记	1	0	0.0
历史学家	37	0	0.0
且听风吟	18	0	0.0
欢迎来到血吸村	0	0	0.0
孽子	12	11	0.916666666667
平壤水族馆	1	0	0.0
移动迷宫焦土试炼	0	0	0.0
没有被征服的	0	0	0.0
红杜鹃	0	0	0.0
熊行者	0	0	0.0
第五号屠宰场	0	0	0.0
沉默的羔羊之揭开罪幕	0	0	0.0
新格拉布街	0	0	0.0
环游黑海历险记	0	0	0.0
妳是主人我是仆	0	0	0.0
偶像总爱被吐嘈	0	0	0.0
尘封笔记本	1	1	1.0
古事记	3	3	1.0
伊凡杰尼索维奇的一天	0	0	0.0
概念文字	0	0	0.0
奇幻精灵事件簿	0	0	0.0
大海大海	0	0	0.0
物理的数学方法	0	0	0.0
耶稣一生	0	0	0.0
史上最有影响力的百大丛书	0	0	0.0
自然魔法万年历	0	0	0.0
到灯塔去	2	0	0.0
灾难的痕迹	0	0	0.0
你是好孩子	3	0	0.0
里程碑	36	8	0.222222222222
基地与地球	0	0	0.0
尼罗河谋杀案	0	0	0.0
凯瑟琳	7	3	0.428571428571
菊夫人	0	0	0.0
最后14堂星期二的课	0	0	0.0
英国国家处方集	0	0	0.0
小群诗歌	0	0	0.0
皇帝新脑	4	0	0.0
剑鸟	0	0	0.0
最后的证人	0	0	0.0
怪屋	2	0	0.0
第一哲学沉思集	0	0	0.0
三剑客	14	4	0.285714285714
公开的秘密	6	0	0.0
人间失格	71	54	0.760563380282
B的故事	0	0	0.0
深夜小狗神秘习题	0	0	0.0
清单革命	0	0	0.0
静静的顿河	8	7	0.875
不会飞的蝴蝶与天空之鯱	0	0	0.0
Little Busters	0	0	0.0
苏珊夫人	0	0	0.0
田野工厂和工场	0	0	0.0
紫禁城的黄昏	1	0	0.0
寂静的春天	2	0	0.0
红色风暴	0	0	0.0
蓝道佛王国出售魔法王国－成交	0	0	0.0
罗摩功行录	0	0	0.0
圣诞忆旧集	3	0	0.0
光学书	0	0	0.0
大明会典	0	0	0.0
照亮明天	0	0	0.0
香港利氏家族史	0	0	0.0
阿拉伯通史	0	0	0.0
巧克力TV	0	0	0.0
星形广场	0	0	0.0
论文字学	0	0	0.0
猫娘姊妹	0	0	0.0
101个有趣的哲学问题	0	0	0.0
迷雾之子执法镕金	0	0	0.0
史力加	0	0	0.0
4=71	0	0	0.0
巴西自然史	0	0	0.0
销形蚀骸	0	0	0.0
成长骇客行销	0	0	0.0
大西洋古抄本	0	0	0.0
意大利百科全书	0	0	0.0
朝鲜上古史	0	0	0.0
魔法精灵圣诞任务	0	0	0.0
我是乳酪	0	0	0.0
地质学原理	0	0	0.0
穷人	1585	329	0.207570977918
印卡王室述评	0	0	0.0
看得见风景的房间	1	1	1.0
模板卡夫卡沉思	0	0	0.0
茶隐	0	0	0.0
恶魔的发明	0	0	0.0
白色巨塔	65	44	0.676923076923
扎法尔纳马	0	0	0.0
羽月莉音的帝国	0	0	0.0
爱的药	0	0	0.0
帝都物语	0	0	0.0
超时空毁灭者	0	0	0.0
CUTTING 伤痕	0	0	0.0
打鬼战士II档案Z	0	0	0.0
禁色	10	0	0.0
英语修订版圣经	0	0	0.0
2001太空漫游	0	0	0.0
论宽容	0	0	0.0
秘密之森	0	0	0.0
奥特兰托堡	0	0	0.0
蒋介石与现代中国的奋斗	0	0	0.0
诸神之死——叛教者尤里安	0	0	0.0
设计模式可复用面向对象软件的基础	0	0	0.0
绝对双刃	0	0	0.0
金赛报告	0	0	0.0
建筑四书	0	0	0.0
魔法消失了	0	0	0.0
角落里的老人	0	0	0.0
利氏汉法词典	0	0	0.0
生命中的美好缺憾	0	0	0.0
沃森一家	0	0	0.0
十字军英雄记	0	0	0.0
献给某飞行员的恋歌	0	0	0.0
史柯塔的太阳	0	0	0.0
蒸汽屋	0	0	0.0
伤寒杂病论	9	0	0.0
记录的地平线	0	0	0.0
所罗门王的宝藏	0	0	0.0
内裤超人大战吃人马桶	0	0	0.0
穆斯林圣训实录	0	0	0.0
火星任务	3	3	1.0
白痴	450	110	0.244444444444
白牙	508	8	0.0157480314961
史蒂芬金的故事贩卖机	0	0	0.0
鬼吹灯	164	108	0.658536585366
约翰克利斯朵夫	1	0	0.0
狼祸	0	0	0.0
鬼不理的助手	0	0	0.0
奔马	4	2	0.5
北京人在纽约	7	5	0.714285714286
大师与玛格丽特	2	0	0.0
开膛手杰克的告白	0	0	0.0
闪亮-闪亮	0	0	0.0
叶甫盖尼奥涅金	0	0	0.0
吉祥寺的朝日君	0	0	0.0
魔法灵猫	0	0	0.0
美少女死神 还我H之魂	0	0	0.0
共产主义黑皮书	0	0	0.0
巨人传	0	0	0.0
老师的谎言	0	0	0.0
启蒙辩证法	0	0	0.0
三幕悲剧	0	0	0.0
人性的太人性的	0	0	0.0
钢铁是怎样炼成的	16	15	0.9375
米德维奇镇的布谷鸟	0	0	0.0
名字	16270	4374	0.268838352797
爱弥儿	0	0	0.0
性别惑乱女性主义与身分颠复	0	0	0.0
美国大城的死与生	0	0	0.0
偷影子的人	33	0	0.0
三人舞妓	0	0	0.0
泰阿泰德篇	0	0	0.0
音速小子X	0	0	0.0
公羊传	2	0	0.0
美丽线条	0	0	0.0
勇者物语	0	0	0.0
空中火葬	0	0	0.0
赵紫阳软禁中的谈话	0	0	0.0
第五波	6	0	0.0
地海故事集	0	0	0.0
云中歌	55	47	0.854545454545
程序设计方法	0	0	0.0
七宝座	0	0	0.0
植物史	0	0	0.0
纸板火柴	0	0	0.0
世界尽头与冷酷仙境	2	0	0.0
历物语	0	0	0.0
论经济科学的性质和意义	0	0	0.0
杜瓦特家族	0	0	0.0
双城奇谋	0	0	0.0
阴摩罗鬼之瑕	0	0	0.0
莱斯特手稿	0	0	0.0
森罗万象统御者	0	0	0.0
玩伴猫耳娘	0	0	0.0
贤妇传说	0	0	0.0
中国语言地图集	0	0	0.0
精灵之屋	0	0	0.0
质量效应启示	0	0	0.0
谁带回了杜伦迪娜	0	0	0.0
科学革命的结构	2	0	0.0
十万个为什么	63	48	0.761904761905
饥饿游戏自由幻梦	0	0	0.0
滚石家族游太空	0	0	0.0
藏书室女尸之谜	0	0	0.0
分歧者	29	0	0.0
十五少年漂流记	0	0	0.0
莫洛博士岛	0	0	0.0
绿皮书	2	2	1.0
基纳巴卢山的猪笼草	0	0	0.0
摆钟论	0	0	0.0
狂恋声优宝贝	0	0	0.0
地板下的小矮人	0	0	0.0
人类理解论	0	0	0.0
第十二张牌	0	0	0.0
放学后的悠閒时光	0	0	0.0
汤姆琼斯	0	0	0.0
快餐帝国	0	0	0.0
奥斯卡与露辛达	0	0	0.0
学术的进展	1	0	0.0
托斯卡纳艳阳下	7	0	0.0
Code Geass反叛的鲁路修	0	0	0.0
造星者	0	0	0.0
世界鸟类手册	0	0	0.0
别的声音别的房间	0	0	0.0
官场现形记	1	0	0.0
金阁寺	16	10	0.625
哲人言行录	0	0	0.0
阿伦德尔手稿	0	0	0.0
编年史	21	15	0.714285714286
觉醒	392	94	0.239795918367
玛丽王朝	0	0	0.0
暮光之城暮色	0	0	0.0
悬崖上的谋杀	0	0	0.0
寂寞之井	0	0	0.0
冷血悍将	0	0	0.0
地球战场	0	0	0.0
魔法战争	1	0	0.0
人性论	1	1	1.0
护身符的故事	0	0	0.0
黑色维纳斯	0	0	0.0
模式识别	19	0	0.0
邪恶图书馆系列	0	0	0.0
枪炮病菌与钢铁	3	0	0.0
赤朽叶家的传说	1	0	0.0
伦敦郡计划	0	0	0.0
智者	118	31	0.262711864407
魅影杀手	0	0	0.0
北极狂想曲	0	0	0.0
雾中的奇幻小镇	0	0	0.0
黑暗的左手	1	0	0.0
沉默	741	202	0.272604588394
最近妹妹的样子有点怪	2	0	0.0
喧哗与骚动	7	0	0.0
我蒂娜	0	0	0.0
玫瑰兄弟情	0	0	0.0
A Perfect Peace	0	0	0.0
了不起的盖茨比	107	80	0.747663551402
怪物	489	122	0.249488752556
古拉格57	0	0	0.0
黑色郁金香	1	0	0.0
超杀人事件	1	0	0.0
云中奇案	0	0	0.0
人口论	1	0	0.0
激流～你还记得我吗～	0	0	0.0
乳房	870	145	0.166666666667
儿子与情人	1	0	0.0
维基百科的革命一群无名小卒创造了世界上最大的百科全书	0	0	0.0
兔子四部曲	0	0	0.0
苏格拉底的申辩	0	0	0.0
冰点	68	17	0.25
舞奴	0	0	0.0
飞轮	66	17	0.257575757576
逃避自由	1	0	0.0
齐瓦哥医生	0	0	0.0
印第安人的麂皮靴	0	0	0.0
草莓危机	0	0	0.0
美诺篇	0	0	0.0
一月光哩的距离	0	0	0.0
迷失世界	0	0	0.0
反基督	10	0	0.0
末日之旅	0	0	0.0
格林童话	16	10	0.625
他改变了中国江泽民传	0	0	0.0
熊猫的拇指	1	0	0.0
附近听到	0	0	0.0
荒野庄园的房客	0	0	0.0
天生礼物狂	0	0	0.0
红岩	11	8	0.727272727273
极地特快	1	1	1.0
考槃馀事	0	0	0.0
冤家一个爱情故事	0	0	0.0
中国大百科全书	1	0	0.0
夜柔吠陀	0	0	0.0
月球帝国	0	0	0.0
中华民国史事日志	0	0	0.0
摩托日记	9	5	0.555555555556
爱的教育	3	0	0.0
我的脑内恋碍选项	2	0	0.0
神鬼疑云	0	0	0.0
雪	9983	2325	0.232895923069
巴斯克维尔的猎犬	0	0	0.0
犹太百科全书	0	0	0.0
一公升的眼泪	15	9	0.6
启示录	38	28	0.736842105263
SRO 警视厅广域搜查专任特别调查室	0	0	0.0
克丽斯汀	0	0	0.0
果壳中的宇宙	2	0	0.0
历史刺绣人	0	0	0.0
新五代史	0	0	0.0
朗读者	38	32	0.842105263158
致德意志基督教贵族公开书	0	0	0.0
月童	3	1	0.333333333333
鸟类飞行手稿	0	0	0.0
马利亚的泣诉	0	0	0.0
朗姆混合酒	0	0	0.0
GUNDAM前哨战	0	0	0.0
谈谈方法	2	0	0.0
达秘译本	0	0	0.0
绝境狼王	0	0	0.0
琥珀中的蜻蜓	0	0	0.0
吴都文粹	0	0	0.0
日耳曼尼亚志	2	0	0.0
草根媒体部落格传奇	0	0	0.0
屠场	47	12	0.255319148936
地狱厨房	9	0	0.0
父辈书	0	0	0.0
C++程式语言	0	0	0.0
我机器人	0	0	0.0
认识物理学	0	0	0.0
嗜血魔	0	0	0.0
世纪的哭泣	0	0	0.0
临终居所	0	0	0.0
群	15796	4157	0.263167890605
尉缭子	2	1	0.5
宇宙尽头的餐厅	0	0	0.0
树上的男爵	7	0	0.0
偷书贼	8	0	0.0
安达与岛村	0	0	0.0
四百二十连败女孩	0	0	0.0
慾海有情天	0	0	0.0
六顶思考帽子	0	0	0.0
麦田捕手	0	0	0.0
台湾通史	0	0	0.0
历史的终结及最后之人	0	0	0.0
六个基本混合饮品	0	0	0.0
上帝之城	16	12	0.75
台湾人四百年史	0	0	0.0
两个巴比伦	0	0	0.0
白夜行	219	180	0.821917808219
无彩限的幻影世界	0	0	0.0
国语	743	285	0.383580080754
嘉德桥市长	0	0	0.0
南唐书	0	0	0.0
蝗虫之月	0	0	0.0
拦截密码战	0	0	0.0
原着	0	0	0.0
天摇地动	0	0	0.0
兄弟手足	1	0	0.0
从詹姆斯二世起的英格兰史	0	0	0.0
芒果街上的小屋	3	0	0.0
叹息的美女	0	0	0.0
聪明的投资者	4	4	1.0
控制论或关于在动物和机器中控制和通信的科学	0	0	0.0
红火星	1	0	0.0
玛莉亚的凝望	3	0	0.0
士兵的重负	0	0	0.0
查泰莱夫人的情人	0	0	0.0
圣经吕振中译本	0	0	0.0
脉经	2	0	0.0
主教谋杀案	0	0	0.0
境遇	62	10	0.161290322581
娑摩吠陀	0	0	0.0
最后希望	2	0	0.0
愤怒的葡萄	3	0	0.0
大崩坏	0	0	0.0
英语民族史	0	0	0.0
黄祸	5	0	0.0
沙丘帝王	0	0	0.0
卡内基沟通与人际关系	0	0	0.0
日本沉没	5	4	0.8
盛世 中国 2013年	0	0	0.0
爱情磁场The Rules of Attraction	0	0	0.0
第一次的亲密接触	3	2	0.666666666667
我们是泡沫入行组	0	0	0.0
假如我做了	0	0	0.0
艾格峰制裁行动	0	0	0.0
家	312239	69230	0.221721181531
机器岛	0	0	0.0
错把太太当帽子的人	0	0	0.0
新教伦理与资本主义精神	7	0	0.0
纽伦堡编年史	0	0	0.0
东京归乡	0	0	0.0
黑暗之境系列	0	0	0.0
深河	5	2	0.4
高空走索人	0	0	0.0
弧形IX	0	0	0.0
变身狼	0	0	0.0
第101只斑点狗	0	0	0.0
KIUY	0	0	0.0
童年末日	0	0	0.0
推荐一起共度初体验的她	0	0	0.0
哥萨克	4	2	0.5
永恒的年龄	0	0	0.0
吾命骑士	0	0	0.0
一级玩家	0	0	0.0
令人讨厌的松子的一生	0	0	0.0
致死的疾病	0	0	0.0
魔王勇者	2	0	0.0
龙族	87	66	0.758620689655
哈利波特与魔法石	8	0	0.0
我忧郁妓女的回忆	0	0	0.0
儿雷也豪杰物语	0	0	0.0
我的朋友很少	4	0	0.0
邦斯舅舅	0	0	0.0
致命病种	1	0	0.0
山楂树之恋	13	12	0.923076923077
叫卖第49组	0	0	0.0
第五名刺客	0	0	0.0
基辅大公国与东斯拉夫法典	0	0	0.0
熟女杀人事件	0	0	0.0
叮当小恐龙	0	0	0.0
明朝那些事儿	73	70	0.958904109589
化学和物理的CRC手册	0	0	0.0
金色眼睛的映像	0	0	0.0
魔鬼讲给孙子的故事	0	0	0.0
凯恩与阿贝尔	0	0	0.0
丧王降临	0	0	0.0
龙孃七七七埋藏的宝藏	0	0	0.0
锁锁美小姐@不好好努力	0	0	0.0
苏菲的世界	45	42	0.933333333333
反三国演义	0	0	0.0
未来都市NO6	0	0	0.0
地球上最伟大的表演进化的证据	0	0	0.0
狂犬库丘	0	0	0.0
撒克逊英雄传	0	0	0.0
集韵	2	1	0.5
心是孤独的猎手	4	0	0.0
室内乐	5	0	0.0
三重门	27	21	0.777777777778
逍遥法外	52	30	0.576923076923
乡土中国	10	0	0.0
波西杰克森—泰坦魔咒	0	0	0.0
金钱本色	0	0	0.0
再见Debussy	0	0	0.0
天意	168	47	0.279761904762
草原帝国	1	0	0.0
小红马	3	3	1.0
波特莱尔大遇险1—悲惨的开始	0	0	0.0
柠檬的时节	0	0	0.0
我是女人	35	0	0.0
劳拉的原型	0	0	0.0
白城魔鬼奇蹟与谋杀交织的博览会	0	0	0.0
互助论进化的一种因素	0	0	0.0
离别的钢琴奏鸣曲	0	0	0.0
纪效新书	1	0	0.0
爱的进程	1	0	0.0
亲和力	44	8	0.181818181818
大英百科全书	3	0	0.0
中二病也要谈恋爱	11	0	0.0
日常生活中的自我呈现	0	0	0.0
司马法	0	0	0.0
史蒂芬金的14张牌	0	0	0.0
高卢的阿玛迪斯	0	0	0.0
琉璃宫史	0	0	0.0
窄门	9	0	0.0
景观社会	3	0	0.0
10½章世界史	0	0	0.0
孽海花	0	0	0.0
路	54007	12249	0.226803932824
法兰克人史	0	0	0.0
巴黎圣母院	25	13	0.52
少年国王	0	0	0.0
耶稣的真实王朝	0	0	0.0
驴皮记	0	0	0.0
论持久战	12	0	0.0
新牛津美国词典	0	0	0.0
四世同堂	11	9	0.818181818182
默克索引	0	0	0.0
实证哲学教程	0	0	0.0
魔龙的狂舞	1	0	0.0
蠍子和费里克斯	0	0	0.0
骆驼祥子	11	5	0.454545454545
大越史记全书	0	0	0.0
Hello World	0	0	0.0
报复	922	165	0.178958785249
帝国传承	0	0	0.0
第三位女郎	0	0	0.0
变态王子与不笑猫	0	0	0.0
美国的悲剧	1	0	0.0
半熟公主	0	0	0.0
红色英勇勋章	1	0	0.0
DSMV模型	0	0	0.0
弯而不折	0	0	0.0
四十一炮	0	0	0.0
夜班	270	41	0.151851851852
艰难一日海豹六队击毙本拉登行动亲历	0	0	0.0
连城诀	8	8	1.0
四签名	0	0	0.0
与狼共存	0	0	0.0
图书馆战争	2	0	0.0
格林家谋杀案	0	0	0.0
波特莱尔大遇险2—可怕的爬虫屋	0	0	0.0
凯尔特人之梦	0	0	0.0
毕达哥拉斯的黄金诗句	0	0	0.0
弗兰德斯的狗	1	0	0.0
达洛维夫人	0	0	0.0
烈火寒冰	0	0	0.0
夏倍上校	0	0	0.0
舍不得哥哥	0	0	0.0
白鲸记	1	0	0.0
桃太郎	10	2	0.2
黑暗时刻	3	0	0.0
约伯大梦	0	0	0.0
饥饿游戏星火燎原	0	0	0.0
再说一次我愿意	0	0	0.0
神的记事本	0	0	0.0
善恶的彼岸	3	0	0.0
无名的裘德	0	0	0.0
弗兰德公路	0	0	0.0
维基经济学	0	0	0.0
水的颜色	4	0	0.0
一个青年艺术家的画像	1	0	0.0
孟子	73	22	0.301369863014
一课经济学	7	0	0.0
疯癫与文明	2	0	0.0
特纳日记	0	0	0.0
结党老人党	0	0	0.0
汤姆的午夜花园	0	0	0.0
心灵史	6	6	1.0
天川天音的否定公式	0	0	0.0
大棋盘	5	0	0.0
安培逊大族	0	0	0.0
新天文学	1	0	0.0
老人与海	25	17	0.68
文明冲突论	0	0	0.0
迈克尔K的生活和时代	0	0	0.0
行列48时间	0	0	0.0
刺鸟	0	0	0.0
如人类怎样思量	0	0	0.0
斯巴达克斯同志旅行指南	0	0	0.0
石化泰勒	0	0	0.0
笑傲江湖	60	42	0.7
美国传统英语字典	0	0	0.0
潮骚	0	0	0.0
紫色的Qualia	0	0	0.0
设计婴儿	0	0	0.0
大国的兴衰	0	0	0.0
善的研究	0	0	0.0
铁皮鼓	5	2	0.4
心灵勇者	0	0	0.0
哈德良回忆录	0	0	0.0
发条橘子	0	0	0.0
李鹏六四日记	0	0	0.0
暗店街	5	0	0.0
无尽的玩笑	5	0	0.0
午夜凶铃	16	10	0.625
はっぴぃセブン～ざテレビまんが	0	0	0.0
万叶集	2	0	0.0
快乐小天使	0	0	0.0
物质幽灵	0	0	0.0
铁之骨	0	0	0.0
新御宿翠鸟	0	0	0.0
杜布罗夫斯基	0	0	0.0
当预言失败时	0	0	0.0
不夜城	14	6	0.428571428571
苦儿流浪记	0	0	0.0
福	51274	8132	0.158598900027
EME	0	0	0.0
穿越时空的巨石碑	0	0	0.0
拥抱太阳的月亮	5	0	0.0
世界的和谐	1	0	0.0
尸骨袋	0	0	0.0
美貌的神话	0	0	0.0
桃太郎武士	0	0	0.0
变形记	69	16	0.231884057971
大圣经	0	0	0.0
红kure-nai	0	0	0.0
埃隆马斯克特斯拉SpaceX传奇的缔造者	0	0	0.0
饥饿游戏	105	0	0.0
关于托勒密和哥白尼两大世界体系的对话	0	0	0.0
续日本后纪	0	0	0.0
田夏礼	0	0	0.0
红花侠大胜利	0	0	0.0
时间漩涡	0	0	0.0
爱犹玛卡名单	0	0	0.0
死亡终局	0	0	0.0
子宫的记忆	0	0	0.0
要听爸爸的话	0	0	0.0
旧大陆的猪笼草	0	0	0.0
蚊群	0	0	0.0
许三观卖血记	41	0	0.0
Bitter Blood	0	0	0.0
无赖勇者的鬼畜美学	0	0	0.0
精魂火祭	0	0	0.0
一个数学家的辩白	2	0	0.0
倾城之恋	19	11	0.578947368421
食虫植物通讯	0	0	0.0
沉寂的星球	0	0	0.0
六百六十元的事情	0	0	0.0
日本书纪	2	0	0.0
钱伯斯百科全书	0	0	0.0
玉梨魂	0	0	0.0
李伯大梦	0	0	0.0
论自由意志	1	0	0.0
丁道尔译本	0	0	0.0
THE QUIZ	0	0	0.0
牧灵圣经	0	0	0.0
危险关系	2	0	0.0
战声渐近	0	0	0.0
代码大全	11	0	0.0
反动的修辞	0	0	0.0
魔鬼的牧师	0	0	0.0
贝姨	1	0	0.0
猫眼	253	52	0.205533596838
魔界都市	0	0	0.0
寻爱	5	0	0.0
怒海劫	0	0	0.0
魔是魔法的魔	0	0	0.0
故事	17724	4798	0.27070638682
陶醉城堡	0	0	0.0
古拉格群岛	6	0	0.0
了不起的狐狸爸爸	10	0	0.0
福尔摩斯归来记	0	0	0.0
玻璃芦苇	0	0	0.0
献给阿尔吉侬的花束	5	0	0.0
伊里野的天空UFO的夏天	0	0	0.0
上帝不伟大	0	0	0.0
路易十四时代	0	0	0.0
非此即彼	11	2	0.181818181818
幸运时刻	0	0	0.0
洗澡	5232	1509	0.288417431193
冷血	392	96	0.244897959184
盲眼刺客	0	0	0.0
夏洛特的网	0	0	0.0
搜神记	15	13	0.866666666667
数学少女	1	0	0.0
斯普特尼克恋人	3	0	0.0
期待在地下城邂逅有错吗	2	0	0.0
客语圣经现代台湾客语译本	0	0	0.0
神秘岛	7	5	0.714285714286
桑迪顿	0	0	0.0
战争论	3	3	1.0
小先知书	0	0	0.0
终物语	4	0	0.0
心灵链环	0	0	0.0
江湖浪子	0	0	0.0
武备志	0	0	0.0
拉玛克里斯纳福音书	0	0	0.0
不在场证明	6	0	0.0
世界概况	3	0	0.0
假面饭店	0	0	0.0
前往蘑菇行星的奇妙飞行	0	0	0.0
平面国	4	0	0.0
康普鲁顿合参本圣经	0	0	0.0
圣经现代中文译本	0	0	0.0
雪山飞狐	6	3	0.5
打工吧魔王大人	0	0	0.0
雾都孤儿	7	7	1.0
彼得堡的大师	0	0	0.0
行为糟糕的哲学家	0	0	0.0
无声告白	7	0	0.0
来路不明的火车	0	0	0.0
哈利波特与阿兹卡班囚徒	0	0	0.0
绝对的孤独者	0	0	0.0
银河系漫游指南	19	16	0.842105263158
谁是新中国	1	0	0.0
神秘的中继站	0	0	0.0
现代汉语词典	19	14	0.736842105263
星界的纹章	0	0	0.0
复仇女神的惩罚	0	0	0.0
希腊左巴	0	0	0.0
野蛮人柯南	0	0	0.0
日本三代实录	0	0	0.0
金刚经	220	175	0.795454545455
占星术杀人事件	0	0	0.0
爱情喜剧	6	0	0.0
日安忧郁	0	0	0.0
孙子兵法	80	37	0.4625
宗教学大全	0	0	0.0
双鼠记	0	0	0.0
小气财神	0	0	0.0
极权主义的起源	2	0	0.0
劫持白银	0	0	0.0
死亡回忆	3	0	0.0
雅典宪章	1	0	0.0
午夜情	0	0	0.0
瓶中美人	0	0	0.0
华盛顿广场	1	0	0.0
神们自己	2	0	0.0
怪奇孤儿院	0	0	0.0
人鼠之间	0	0	0.0
庞德女郎芳名录	0	0	0.0
尸鬼	81	51	0.62962962963
自由的机制	0	0	0.0
我女友与青梅竹马的惨烈修罗场	0	0	0.0
情色杀机	0	0	0.0
神奇树屋	0	0	0.0
纽约市法规汇编	0	0	0.0
惨败	448	77	0.171875
食虫植物	1	0	0.0
从地球到月球	0	0	0.0
LOVE YOU 我的勇者公主	0	0	0.0
续终物语	0	0	0.0
雨树之国	0	0	0.0
乞丐王子	1	0	0.0
红太阳是怎样升起的	9	0	0.0
人质朗诵会	0	0	0.0
下流梗不存在的灰暗世界	6	0	0.0
设计心理学	15	0	0.0
有顶天家族	0	0	0.0
四叠半神话大系	10	0	0.0
柳林中的风声	0	0	0.0
RD 潜脑调查室	0	0	0.0
魔鬼出没的世界	2	0	0.0
数学科学百科全书	0	0	0.0
数论史	0	0	0.0
密码	1371	385	0.280816921955
成为毛夫人	0	0	0.0
公爵夫人之书	0	0	0.0
马克思的历史理论一个辩护	0	0	0.0
此情可问天	2	2	1.0
阿特拉斯摆脱重负	0	0	0.0
如何阅读一本书	60	0	0.0
婆罗洲的猪笼草	0	0	0.0
吉原里同心	0	0	0.0
那一年在奶奶家	0	0	0.0
寻爱绮梦	0	0	0.0
故乡	254	69	0.271653543307
一个世界	276	0	0.0
禁卫军之树	0	0	0.0
巴曼尼得斯篇	0	0	0.0
盗墓笔记	661	545	0.824508320726
伊坦弗洛美	0	0	0.0
布里吉特琼斯的日记	0	0	0.0
无解之心	0	0	0.0
记忆之尘朱利安战记	0	0	0.0
鹿人	9	8	0.888888888889
魔女宅急便	8	6	0.75
大卖空	0	0	0.0
哥德尔埃舍尔巴赫	2	0	0.0
有色人种与世界最优白人对立的上升趋势	0	0	0.0
数据烟雾	0	0	0.0
劳伦特编年史	0	0	0.0
新月庄的艾蜜莉	0	0	0.0
告白	1015	254	0.250246305419
给下一轮太平盛世的备忘录	0	0	0.0
汉语方言地图集	0	0	0.0
閒狼作家是美少女妖怪	0	0	0.0
律法之书	0	0	0.0
像高尔德一样好	0	0	0.0
叶屋	0	0	0.0
百器徒然袋――风	0	0	0.0
地铁艺术	0	0	0.0
RAIL WARS 日本国有铁道公安队	0	0	0.0
标准英译本	0	0	0.0
伊本巴图塔游记	0	0	0.0
苏西的世界	0	0	0.0
权力意志	3	0	0.0
24个比利	0	0	0.0
容闳自传我在中国和美国的生活	0	0	0.0
先知	244	26	0.106557377049
他人的血	1	0	0.0
甜蜜逃避法则	0	0	0.0
忘却侦探系列	0	0	0.0
甘城辉煌乐园救世主	0	0	0.0
克雷亨格	0	0	0.0
无知	1279	280	0.218921032056
罪与罚	15	14	0.933333333333
机动防卫者Dowl Masters	0	0	0.0
总要找到你	0	0	0.0
夜行人生	0	0	0.0
战地钟声	0	0	0.0
圣斗士星矢 巨人之战	0	0	0.0
以斯帖	0	0	0.0
优雅的宇宙	2	0	0.0
突厥语大词典	0	0	0.0
鲁拜集	0	0	0.0
移动迷宫	12	0	0.0
再一次说爱你	0	0	0.0
初恋	2080	396	0.190384615385
彼得原理	0	0	0.0
中性	775	145	0.187096774194
地海古墓	0	0	0.0
新唐书	0	0	0.0
新安县志	0	0	0.0
枭之城	0	0	0.0
美国狙击手美国军事史上最致命狙击手的自传	0	0	0.0
狗勇士	0	0	0.0
很久很久以前在北方	0	0	0.0
汤姆索亚历险记	4	0	0.0
数字恶魔物语	0	0	0.0
菊与刀	37	37	1.0
超越凡人	0	0	0.0
平凡的世界	207	188	0.908212560386
仰望半月的夜空	2	0	0.0
孔子家语	2	0	0.0
高卢战记	2	0	0.0
急流的春天	0	0	0.0
加速世界	8	0	0.0
种树的男人	7	0	0.0
小甜甜	17	5	0.294117647059
60分锺特别节目	0	0	0.0
高尔夫一代	0	0	0.0
丛林奇谭	0	0	0.0
沙多里斯	0	0	0.0
女尼的一生	0	0	0.0
平克顿布朗	0	0	0.0
如风如云	0	0	0.0
索多玛一百二十天	1	0	0.0
马萨诸塞州的奴隶制	0	0	0.0
死亡陷阱	0	0	0.0
荒凉山庄	1	0	0.0
OVERLORD	0	0	0.0
织田信奈的野望	1	0	0.0
红宝石迷雾	0	0	0.0
一无所有	339	70	0.206489675516
美国牧歌	0	0	0.0
于丽埃特	0	0	0.0
梦沉抹大拉	1	0	0.0
正多胞形	0	0	0.0
澳门百科全书	0	0	0.0
马桥词典	3	0	0.0
伪恋	14	0	0.0
大疫年日记	0	0	0.0
精神现象学	0	0	0.0
崔普家庭演唱团	0	0	0.0
燃烧的地图	0	0	0.0
玉历宝钞	0	0	0.0
家庭的和睦	4	0	0.0
苏黎世圣经译本	0	0	0.0
猎杀幽灵写手	0	0	0.0
世界之冬	0	0	0.0
2014大崩溃	0	0	0.0
最后的摩根战士	0	0	0.0
黑蛾	1	0	0.0
尘劫记	0	0	0.0
埃及人西努黑	0	0	0.0
拉德一只狗	0	0	0.0
中国农民调查	8	0	0.0
历史	11335	4261	0.375915306573
重新做人	42	12	0.285714285714
八月的星期天	0	0	0.0
椿说弓张月	0	0	0.0
虚构推理	0	0	0.0
恶灵系列	0	0	0.0
雷普利游戏	0	0	0.0
魔戒	154	90	0.584415584416
别闹了费曼先生	0	0	0.0
约翰一书	0	0	0.0
北回归线	7	3	0.428571428571
纸上城市	4	0	0.0
精诚兄弟会典	0	0	0.0
去吧摩西	0	0	0.0
尤利西斯	7	6	0.857142857143
女性的奥秘	0	0	0.0
大外交	3	2	0.666666666667
解忧杂货店	55	0	0.0
丰饶之海	1	0	0.0
马来人的困境	0	0	0.0
屠龙者的异世界生活	0	0	0.0
张羽煮海	0	0	0.0
史蒂夫乔布斯传	1	0	0.0
克利福特园	0	0	0.0
革命之子	0	0	0.0
The Prestige	0	0	0.0
哈利波特与密室	1	0	0.0
红胡子诊疗谭	0	0	0.0
海蒂	15	6	0.4
波利先生的故事	0	0	0.0
Gei wei chu sheng de hai zi zuo an xi dao gao	0	0	0.0
城市与樑柱	0	0	0.0
美式哥德风	0	0	0.0
哈利波特与凤凰社	1	1	1.0
生死疲劳	15	0	0.0
国际标准圣经百科全书	0	0	0.0
堂吉诃德	30	0	0.0
性与性格	4	0	0.0
马戏团之夜	0	0	0.0
大失败前进	0	0	0.0
列女传	0	0	0.0
希特勒回来了	1	0	0.0
百万乱数表	0	0	0.0
蟹工船	1	0	0.0
黑塔IV巫师与水晶球	0	0	0.0
蓝火星	1	0	0.0
新夏娃的激情	0	0	0.0
敲开天堂之门如何使物理与科学思维照亮宇宙与现代世界	0	0	0.0
真腊风土记	0	0	0.0
与神同在	0	0	0.0
机器新娘	1	0	0.0
炎之蜃气楼	0	0	0.0
佛罗伦萨法典	0	0	0.0
重返布莱兹海德庄园	0	0	0.0
月夜仙踪	0	0	0.0
最后的演讲	1	0	0.0
社会学方法的规则	0	0	0.0
流星休旅车	0	0	0.0
再见Aruma	0	0	0.0
论药物	1	0	0.0
复原	138	12	0.0869565217391
少女	5781	1928	0.333506313787
追风筝的孩子	1	0	0.0
国富论	32	27	0.84375
人性	2445	658	0.269120654397
别相信任何人	7	0	0.0
波多里诺	0	0	0.0
欠踹的背影	0	0	0.0
召唤曼菲斯	0	0	0.0
玩转列斯联	0	0	0.0
无尽的战争	0	0	0.0
水徒行纪	0	0	0.0
猫头鹰守护神飞向盖胡岛神木	0	0	0.0
不要嘲笑我们的性	0	0	0.0
植物种志	0	0	0.0
已知数	0	0	0.0
天主教青年教理	0	0	0.0
精灵宝钻	9	0	0.0
野兽家园	2	0	0.0
天人五衰	0	0	0.0
远大前程	10	0	0.0
美国的编号公路	0	0	0.0
达文西密码	0	0	0.0
解体新书	0	0	0.0
大空的武士	0	0	0.0
抽籤勇者	0	0	0.0
游叙弗伦篇	0	0	0.0
内裤超人疯狂大冒险	0	0	0.0
大海	686	172	0.250728862974
海伯利安的陨落	2	0	0.0
巴纳比拉奇	0	0	0.0
城堡	133	59	0.443609022556
花之锁	0	0	0.0
蒲公英酒	0	0	0.0
Nude〜AV女优みひろ诞生物语〜	0	0	0.0
拉玛再现	0	0	0.0
井底之虎	0	0	0.0
小人物日记	0	0	0.0
Campione 弑神者	0	0	0.0
被背叛的革命	0	0	0.0
民主在美国	0	0	0.0
战栗游戏	0	0	0.0
蟹行	2	0	0.0
想念五月	0	0	0.0
美丽新世界	21	14	0.666666666667
长恨歌	41	30	0.731707317073
荷马史诗	22	0	0.0
最干净的种族	0	0	0.0
汉书	19	10	0.526315789474
路史	1	0	0.0
论出版自由	0	0	0.0
恐怖谷	11	0	0.0
密西西比河上的生活	1	0	0.0
谷梁传	0	0	0.0
近代中国史纲	0	0	0.0
超越文明	1	0	0.0
全国传记简明词典	0	0	0.0
亚尔斯兰战记	3	0	0.0
猫头鹰守护神逃离圣鬼鸮学院	0	0	0.0
龙与地下城初版	0	0	0.0
普通语言学教程	1	0	0.0
大菩萨岭	0	0	0.0
上帝创造了整数	0	0	0.0
狸藻属——分类学专着	0	0	0.0
曼谷的发条女孩	0	0	0.0
帖木尔	0	0	0.0
数位密码	0	0	0.0
键	10994	2792	0.253956703657
少年Pi的奇幻漂流	0	0	0.0
一个中国人在中国的遭遇	0	0	0.0
心灵机器时代	0	0	0.0
尘世乐园	0	0	0.0
毛泽东再解读	0	0	0.0
三种统治形式	0	0	0.0
战国策	19	10	0.526315789474
艾布达吾德圣训集	0	0	0.0
拉丁美洲被切开的血管	2	0	0.0
花物语	0	0	0.0
迷宫中的将军	1	0	0.0
摩尔弗兰德斯	0	0	0.0
恶魔高校D×D	0	0	0.0
民主及其批判	0	0	0.0
看罗马	2	0	0.0
双雄记	0	0	0.0
在天堂遇见的五个人	3	0	0.0
福楼拜的鹦鹉	0	0	0.0
跨越海峡的小提琴	0	0	0.0
天路历程	0	0	0.0
百花缭乱 SAMURAI GIRLS	0	0	0.0
MLA格式手册	0	0	0.0
不完全神性机关伊莉斯	0	0	0.0
追寻现代中国	1	0	0.0
南海大作战	0	0	0.0
西方正典	1	0	0.0
像少年啦飞驰	4	0	0.0
脆弱的真相	0	0	0.0
难经	4	1	0.25
贾思潘王子	0	0	0.0
LOOP	0	0	0.0
马耳他之鹰	0	0	0.0
东区女巫	6	0	0.0
花园的迷宫	0	0	0.0
插图小拉鲁斯词典	0	0	0.0
魔山	8	4	0.5
乌托邦	175	35	0.2
紫色姐妹花	0	0	0.0
长日将尽	0	0	0.0
古船	2	1	0.5
人的命运	72	0	0.0
超越快乐原则	0	0	0.0
有閒阶级论	0	0	0.0
华盛顿传	0	0	0.0
枕草子	10	10	1.0
地狱来鸿	0	0	0.0
鲁道夫星表	0	0	0.0
续日本纪	0	0	0.0
密西西比河的旧日时光	0	0	0.0
战前酒	0	0	0.0
方托马	0	0	0.0
借镜杀人	0	0	0.0
追杀史巴克	0	0	0.0
发光体	23	2	0.0869565217391
于是他就这样烧了屋顶	0	0	0.0
晓寺	0	0	0.0
教会被掳于巴比伦	0	0	0.0
天魔黑兔	0	0	0.0
恶货	0	0	0.0
死者代言人	6	0	0.0
别烦忧开心就好	0	0	0.0
异教徒	41	12	0.292682926829
魔法少女禁止法	0	0	0.0
西藏七年	1	1	1.0
晚年周恩来	7	0	0.0
鲁滨逊漂流记	16	13	0.8125
大越史记	0	0	0.0
风之影	8	8	1.0
星刻龙骑士	0	0	0.0
饭桌谈话	0	0	0.0
检察官死命	0	0	0.0
明儒学案	0	0	0.0
邪魅之雫	0	0	0.0
离题	17	7	0.411764705882
我的狐仙女友	3	0	0.0
正しい怪异の祓い方―结びの七つ穴の纽	0	0	0.0
反叛者	0	0	0.0
沙丘救世主	0	0	0.0
电磁通论	1	0	0.0
维拉本纪	0	0	0.0
计算书	2	0	0.0
思想录	2	0	0.0
卡桑的回忆	0	0	0.0
小学星公主	0	0	0.0
英国国家处方集儿童版	0	0	0.0
沙拉克的恐惧	0	0	0.0
资本论第二卷	0	0	0.0
法律篇	0	0	0.0
落花流水	20	0	0.0
伊本马哲圣训集	0	0	0.0
幸运之星系列	0	0	0.0
布莱克法律词典	0	0	0.0
下妻物语	5	5	1.0
第十四道门	0	0	0.0
动物哲学	0	0	0.0
世界十大小说家及其代表作	0	0	0.0
会饮篇	2	0	0.0
纽约三部曲	3	0	0.0
世界一初恋	0	0	0.0
少女苏菲的航海故事	0	0	0.0
重现家园	0	0	0.0
还有一件事……	0	0	0.0
暴雨悍将	0	0	0.0
基地边缘	0	0	0.0
嘲笑知更鸟	0	0	0.0
提灵女王	0	0	0.0
铁器时代	2	0	0.0
轻小说的快乐写作法	0	0	0.0
机械复制时代的艺术作品	0	0	0.0
航向长夜的捕鲸船	0	0	0.0
水孩子	0	0	0.0
问责不问责巨星滙的真相	0	0	0.0
拂晓之光	0	0	0.0
天使之刃	0	0	0.0
钦定版圣经	0	0	0.0
沙仙活地魔	0	0	0.0
盐的代价	1	0	0.0
金钱崛起	1	0	0.0
骑士蒂朗少女阴谋	0	0	0.0
袭来美少女邪神	0	0	0.0
鬼磨坊	0	0	0.0
星空暗流	0	0	0.0
魍魉之匣	8	7	0.875
星界的战旗	0	0	0.0
女孩和女人们的生活	0	0	0.0
战胜心魔	3	0	0.0
历史研究	29	1	0.0344827586207
家畜人鸦俘	2	0	0.0
阶序人	0	0	0.0
诉讼笔录	0	0	0.0
梦幻花	0	0	0.0
阿匹西尤	0	0	0.0
骑鹅历险记	0	0	0.0
在世界与我之间	0	0	0.0
尽管雪落	0	0	0.0
百年孤独	278	0	0.0
荒原	12	3	0.25
古飞乐	0	0	0.0
高老头	2	1	0.5
三体	1306	8	0.00612557427259
马克思的幽灵	0	0	0.0
全部成为F	0	0	0.0
十六国春秋	1	0	0.0
拉贝日记	1	1	1.0
代表刑警	0	0	0.0
福克斯殉道者名录	0	0	0.0
Berts bravader	0	0	0.0
黑塔II三张预言牌	0	0	0.0
葡萄园	14	0	0.0
理想国	32	21	0.65625
爱丽丝镜中奇遇	1	0	0.0
西线无战事	4	3	0.75
墨水心	2	1	0.5
天狼星之谜	0	0	0.0
遇见野兔的那一年	0	0	0.0
约瑟A温特博士	0	0	0.0
三国史记	0	0	0.0
埃努的大乐章	1	0	0.0
龙与地下城怪兽图鑑	0	0	0.0
邪恶圣经	0	0	0.0
真理与方法	0	0	0.0
九故事	1	0	0.0
血之代价	0	0	0.0
Arve Rezzle机器化的妖精们	0	0	0.0
暗杀希特勒计画	0	0	0.0
我妻是女忍	0	0	0.0
中国即将崩溃	0	0	0.0
未知事物的天赋	0	0	0.0
姊姊的守护者	0	0	0.0
奥斯特洛圣经	0	0	0.0
铃木商店的当家娘	0	0	0.0
牛津高阶英汉双解词典	8	0	0.0
书写与延异	0	0	0.0
父与子	7	6	0.857142857143
重力使命	0	0	0.0
一九二二	0	0	0.0
圣诗手册	0	0	0.0
复活	1435	274	0.190940766551
杂食动物的困惑	0	0	0.0
懒人懒办法	0	0	0.0
饕客夥伴	0	0	0.0
相约星期六	0	0	0.0
绿里奇蹟	0	0	0.0
Muv-Luv Alternative	0	0	0.0
希瑞塔奇	0	0	0.0
一千零一夜	30	13	0.433333333333
绝代双骄	33	12	0.363636363636
怪兽与牠们的产地	0	0	0.0
群体的智慧	0	0	0.0
阅读资本论	0	0	0.0
魔王女孩与村民A	0	0	0.0
北京故事	2	2	1.0
安南志略	0	0	0.0
一百万只猫	0	0	0.0
三体III死神永生	0	0	0.0
新猪笼草	0	0	0.0
和谐大宇宙	0	0	0.0
肯普法	0	0	0.0
猛鹰突击兵团	0	0	0.0
我的A级秘密	0	0	0.0
地海巫师	0	0	0.0
正常的基督徒生活	0	0	0.0
括地志	0	0	0.0
意识的解释	0	0	0.0
混血营英雄	0	0	0.0
红高粱家族	3	0	0.0
科幻小说百科全书	0	0	0.0
金革	0	0	0.0
幻兽辞典	0	0	0.0
圣殿	24	10	0.416666666667
The Delivery Man	0	0	0.0
零度c的女人	0	0	0.0
怪钟疑案	0	0	0.0
Lexicon Universale	0	0	0.0
忍者	444	223	0.502252252252
溃雪	0	0	0.0
三国志	165	84	0.509090909091
植物图鑑	0	0	0.0
狄公案	3	3	1.0
禁书目录	24	0	0.0
在岩石与险境间	0	0	0.0
婚礼的成员	0	0	0.0
前略我与猫和天使同居	0	0	0.0
二维国内外	0	0	0.0
黛西米勒	0	0	0.0
俗世哲学家改变历史的经济学家	0	0	0.0
失窃的信	0	0	0.0
布谷鸟的蛋是谁的	0	0	0.0
所罗门的小钥匙	0	0	0.0
第二性	19	10	0.526315789474
噬血狂袭	2	0	0.0
存在与时间	7	0	0.0
纯真年代	3	1	0.333333333333
冰海沉船	0	0	0.0
双重家庭	0	0	0.0
合作的艺术献给杰弗瑞 汤金	0	0	0.0
人性记录	0	0	0.0
暮光之城破晓	0	0	0.0
ザサード～苍い瞳の少女	0	0	0.0
弱点比赛进程	0	0	0.0
斗山世界大百科	0	0	0.0
黑塔III荒原的试炼	0	0	0.0
美联社样式书	0	0	0.0
周易参同契	0	0	0.0
双螺旋发现DNA结构的故事	0	0	0.0
火星纪事	0	0	0.0
若能在天堂遇见你	0	0	0.0
慢	40924	11393	0.278394096374
银椅	0	0	0.0
雪舞者	0	0	0.0
艾德温德鲁德之谜	0	0	0.0
柘榴坂的复仇	0	0	0.0
A Nomad of the Time Streams三部曲	0	0	0.0
科勒药用植物	0	0	0.0
父辈的旗帜	2	2	1.0
抵挡太平洋的堤坝	0	0	0.0
木偶奇遇记	3	1	0.333333333333
造主之声	0	0	0.0
罗马人的故事	18	0	0.0
英格兰史	0	0	0.0
黑色子弹	1	0	0.0
平家物语	0	0	0.0
玫瑰之名	2	0	0.0
我们看不到的所有光明	0	0	0.0
抵抗白昼	0	0	0.0
红屋骑士	0	0	0.0
天蚀遮月	0	0	0.0
解决健康难题的十分之一妙方	0	0	0.0
老匈牙利人的优雅历险	0	0	0.0
罪恶王冠	35	0	0.0
丑小孩	0	0	0.0
松鼠胡来的故事	0	0	0.0
中国科学技术史	1	0	0.0
自由地之女	0	0	0.0
大卫科波菲尔	2	0	0.0
英伦玫瑰	0	0	0.0
焚书	25	12	0.48
不毛地带	2	0	0.0
世田谷驻在刑警	0	0	0.0
活着	3217	808	0.251165682313
白色荣光FINAL地狱犬的肖像	0	0	0.0
国王之死	0	0	0.0
对现实的社会建构	0	0	0.0
魔狼岛	0	0	0.0
搜查一课泽村庆司	0	0	0.0
魔之系列	0	0	0.0
爱玛	48	17	0.354166666667
与世纪同行	1	0	0.0
蟹略	0	0	0.0
天地一沙鸥	2	0	0.0
听骨头在说话	0	0	0.0
当邪恶来敲门	0	0	0.0
キミはぼっちじゃない	0	0	0.0
家庭私有制和国家的起源	0	0	0.0
不朽	97	19	0.19587628866
裸阳	0	0	0.0
最后的独角兽	0	0	0.0
魔法书	0	0	0.0
罗伯特议事规则	1	0	0.0
颤抖的牛	0	0	0.0
性趣何来	0	0	0.0
反文化的形成	0	0	0.0
一句顶一万句	16	0	0.0
波特莱尔大遇险	0	0	0.0
Fate Zero	0	0	0.0
境界的彼方	9	0	0.0
已上漆的房子	0	0	0.0
机巧少女不会受伤	0	0	0.0
撒冷地	0	0	0.0
莎维翠一则传说一个象征	0	0	0.0
六祖坛经	11	0	0.0
布鲁克林的纳善先生	0	0	0.0
八吉祥经	0	0	0.0
醒世姻缘传	0	0	0.0
星云和星团总表	0	0	0.0
没有个性的人	0	0	0.0
海啊带我走	0	0	0.0
机器人与帝国	0	0	0.0
反俄狄浦斯	0	0	0.0
喀尔巴阡古堡	0	0	0.0
神鬼交锋	0	0	0.0
青草在歌唱	0	0	0.0
少年维特的烦恼	4	0	0.0
细数繁星	0	0	0.0
萌萌侵略者OUTBREAK COMPANY	0	0	0.0
宋诗纪事	0	0	0.0
猜火车	74	60	0.810810810811
算法导论	37	0	0.0
真爱挑日子	0	0	0.0
夜	23215	5694	0.245272453155
当你被公开羞辱	0	0	0.0
男孩的故事	2	0	0.0
马克思主义的主流流派	0	0	0.0
女仆的故事	0	0	0.0
宫本武藏	8	6	0.75
三才图会	3	0	0.0
博兹札记	0	0	0.0
尼特族吸血鬼江藤	0	0	0.0
世嘉硬件女孩	0	0	0.0
不死鸟与毯子	0	0	0.0
法言	36	0	0.0
聊斋志异	24	17	0.708333333333
怎样解题	2	0	0.0
宿主	28	4	0.142857142857
庞贝	9	4	0.444444444444
金银岛	5	2	0.4
理解媒介	3	0	0.0
电波女&青春男	0	0	0.0
一切化作海	0	0	0.0
纽约市宪章	0	0	0.0
疾风回旋曲	0	0	0.0
美国参议院议事规则手册	0	0	0.0
十二使徒遗训	0	0	0.0
孙子算经	0	0	0.0
蓝眸与云	0	0	0.0
魔岛	3	0	0.0
恐惧的总和	0	0	0.0
班森谋杀案	0	0	0.0
蓝皮书计划	0	0	0.0
小野寺之弟小野寺之姊	0	0	0.0
冤罪死刑	0	0	0.0
旅猫日记	0	0	0.0
瓦特希普高原	0	0	0.0
西印度毁灭述略	0	0	0.0
深山家的蓓儿汀	0	0	0.0
火星来的人	0	0	0.0
俄罗斯资本主义的发展	0	0	0.0
权力的游戏	485	0	0.0
克歇尔目录	0	0	0.0
倚天屠龙记	59	35	0.593220338983
德罗纳篇	0	0	0.0
重返人间	0	0	0.0
母亲	1793	426	0.237590630229
悲惨世界	104	71	0.682692307692
三十九级台阶	0	0	0.0
政治正确童话	0	0	0.0
伦敦工人和伦敦贫民	0	0	0.0
无限回圈游戏	0	0	0.0
盖伯尔欧克	0	0	0.0
绿野仙踪	21	3	0.142857142857
GTD	0	0	0.0
吟游诗人皮陀故事集	0	0	0.0
好预兆	1	0	0.0
火之鱼	0	0	0.0
梅塘夜谭	0	0	0.0
重启咲良田	0	0	0.0
维基百科编辑手册	0	0	0.0
中国名人录	0	0	0.0
群山回唱	12	0	0.0
阿格尼斯格雷	0	0	0.0
区隔品味判断的社会批判	0	0	0.0
使者	1432	16	0.0111731843575
唐太宗李卫公问对	1	0	0.0
贵族少女的使命	0	0	0.0
佛洛伊德和哲学	0	0	0.0
尸者的帝国	1	0	0.0
九号梦	0	0	0.0
2100科技大未来从现在到2100年科技将如何改变我们的生活	0	0	0.0
洪堡的礼物	0	0	0.0
濒死的地球	0	0	0.0
一代茶圣千利休	0	0	0.0
奥巴马国	0	0	0.0
找死的兔子	0	0	0.0
鹅妈妈的故事	0	0	0.0
正义论	7	0	0.0
印度的发现	0	0	0.0
山椒鱼战争	0	0	0.0
地海彼岸	0	0	0.0
时空旅人之妻	0	0	0.0
罗亭	0	0	0.0
波西杰克森—终极天神	0	0	0.0
华盖集	0	0	0.0
堕落天使	22	15	0.681818181818
与某飞行员的誓约	0	0	0.0
魔鬼的调子	0	0	0.0
无价珍珠	0	0	0.0
天皇的御厨	0	0	0.0
龙与地下城规则全书	0	0	0.0
历史法学派的哲学宣言	0	0	0.0
幸福过了头	0	0	0.0
危险夏日	0	0	0.0
苏菲亚的选择	0	0	0.0
爱当下	1	0	0.0
尘之书	0	0	0.0
灵魂代笔	0	0	0.0
大间谍	1	0	0.0
寻找阿拉斯加	0	0	0.0
我们共同的未来	0	0	0.0
老人之家	0	0	0.0
严厉的月亮	0	0	0.0
奥义书	1	0	0.0
GO大暴走	0	0	0.0
日落和平	0	0	0.0
黄金罗盘	1	1	1.0
野性的呼唤	5	0	0.0
威克菲德的牧师	0	0	0.0
犹太人贤士议定书	0	0	0.0
金驴记	0	0	0.0
青春纪行	0	0	0.0
小兔班杰明	0	0	0.0
国家百科全书	0	0	0.0
爱与死	10	0	0.0
人骨拼图	0	0	0.0
世界是平的	11	6	0.545454545455
癌病房	0	0	0.0
清秀佳人	2	0	0.0
哭在通天阁	0	0	0.0
教会史	2	0	0.0
锅匠裁缝士兵间谍	6	0	0.0
新元史	0	0	0.0
地狱辞典	0	0	0.0
王者再临	0	0	0.0
不存在的骑士	1	0	0.0
项塔兰	3	0	0.0
鹿苑长春	0	0	0.0
随风而逝的记忆	0	0	0.0
我的老爸鬼话连篇	0	0	0.0
遇见你之前	4	0	0.0
孤注一掷	12	1	0.0833333333333
新耶路撒冷圣经	0	0	0.0
黑麋鹿如是说	0	0	0.0
耻	4435	1192	0.26877113867
神的经营	0	0	0.0
世界哺乳动物物种	0	0	0.0
骗子菲利克斯克鲁尔的自白	0	0	0.0
只有神知道的世界	9	0	0.0
赤诚者	0	0	0.0
银二贯	0	0	0.0
把银禧带来	0	0	0.0
汤尼大人的妻子	0	0	0.0
基督教的本质	0	0	0.0
瞒天过海	3	0	0.0
福尔摩斯办案记	0	0	0.0
漫步华尔街	0	0	0.0
知识考古学	0	0	0.0
荷莉的笔记	0	0	0.0
竹书纪年	5	0	0.0
隔离岛	2	0	0.0
五代会要	0	0	0.0
禅与摩托车维修艺术	17	0	0.0
生于七月四日	0	0	0.0
天使的代理人	0	0	0.0
再会的交响曲	0	0	0.0
证之于爱	0	0	0.0
前分析篇	0	0	0.0
中国大历史	9	0	0.0
末世男女	0	0	0.0
天工开物	3	0	0.0
白色城堡	0	0	0.0
玻璃牢房	0	0	0.0
上海宝贝	1	1	1.0
猎头游戏	1	0	0.0
论建筑	4	0	0.0
我能认识你不认识的你	0	0	0.0
神圣古兰经原文译文与评注	0	0	0.0
青春之门自立篇	0	0	0.0
杀死我的那把刀	0	0	0.0
第一对开本	0	0	0.0
失落的秘符	5	0	0.0
莎士比亚戏剧故事集	0	0	0.0
斐多篇	0	0	0.0
蝴蝶小姐最后的武士之女	0	0	0.0
夫妇们	2	0	0.0
数学原理	18	0	0.0
大墓地	2	0	0.0
寄生前夜	2	0	0.0
哲学珠玑	0	0	0.0
大家早上好	23	0	0.0
侏罗纪公园	23	11	0.478260869565
北美九国	0	0	0.0
石中剑	3	1	0.333333333333
碧血剑	5	3	0.6
穿越历史的魁地奇	0	0	0.0
隐之书	0	0	0.0
猎人笔记	1	0	0.0
中国可以说不	0	0	0.0
伯克贵族名谱	0	0	0.0
治疗	8301	1650	0.198771232382
爆裂鼓手	73	0	0.0
检察官泽木正夫	0	0	0.0
杀人者	12	5	0.416666666667
怪奇马戏团	0	0	0.0
老古玩店	0	0	0.0
美国杀人魔	0	0	0.0
理智与情感	11	5	0.454545454545
美国鸟类	0	0	0.0
爱在时光倒流里	0	0	0.0
语言帝国主义	0	0	0.0
全球通史	41	0	0.0
人魔	29	4	0.137931034483
明月冰心照杏林	0	0	0.0
日落之后	1	0	0.0
Happiness	0	0	0.0
联邦党人文集	4	0	0.0
魔王学校里只有我是勇者	0	0	0.0
模造王女骚动记	0	0	0.0
BROTHERS CONFLICT	0	0	0.0
暮光之城新月	0	0	0.0
挚友	55	13	0.236363636364
呼吸秋千	0	0	0.0
布波族	0	0	0.0
占星四书	0	0	0.0
醒世恒言	2	0	0.0
纯真博物馆	3	0	0.0
中国人的精神	2	0	0.0
发条鸟年代记	0	0	0.0
日常生活之精神病学	0	0	0.0
武经总要	0	0	0.0
书库	57	35	0.614035087719
燃烧的凝视	0	0	0.0
牛津高阶英语词典	0	0	0.0
百大犯罪小说	0	0	0.0
灿烂的石南花	0	0	0.0
模度	0	0	0.0
恶棍	203	191	0.940886699507
红字	29	10	0.344827586207
瓦尔登湖	55	49	0.890909090909
医生的翻译员	0	0	0.0
城南旧事	16	15	0.9375
双生灵	1	0	0.0
德拉库拉	0	0	0.0
娜娜	262	55	0.209923664122
变调的审判	0	0	0.0
空之境界	36	28	0.777777777778
花江的玫瑰	0	0	0.0
倾物语	0	0	0.0
生态乌托邦之诞生	0	0	0.0
风暴将临	0	0	0.0
真理之剑	0	0	0.0
只为欢乐	0	0	0.0
呆伯特法则	0	0	0.0
四库全书	60	57	0.95
奈米猎杀	0	0	0.0
组织喻象	0	0	0.0
尤利西斯摩尔	0	0	0.0
莱拉的牛津	0	0	0.0
勇者侧影	0	0	0.0
临时空缺	0	0	0.0
15岁的卡蜜拉	0	0	0.0
逝者之名	0	0	0.0
14岁	0	0	0.0
葬礼仪式	0	0	0.0
社会分工论	0	0	0.0
深渊上的火	1	0	0.0
斯大林格勒	12	0	0.0
克里姆林宫的枢机主教	0	0	0.0
大地	769	132	0.171651495449
莱博维兹的赞歌	0	0	0.0
旅行者	99	51	0.515151515152
机器人大师	0	0	0.0
计算机程序设计艺术	3	0	0.0
碎瓷片	0	0	0.0
黄金传说	1	0	0.0
大眠	1	0	0.0
英国单曲与专辑	0	0	0.0
七月的人民	0	0	0.0
耶稣的童年	0	0	0.0
梵谷传	0	0	0.0
人类行为	4	0	0.0
失恋33天	0	0	0.0
通往泰瑞比西亚的桥	0	0	0.0
奉命谋杀	0	0	0.0
少女编号	0	0	0.0
科学怪人	3	0	0.0
马格斯哈弗拉尔	0	0	0.0
动物庄园	20	17	0.85
我在洋基的日子	0	0	0.0
赤色／罗曼史	0	0	0.0
建筑十书	1	0	0.0
黑洞与时间弯曲	0	0	0.0
火山下	2	0	0.0
通灵芯片	1	0	0.0
世界历史百科全书	0	0	0.0
莱缇的遗忘之海	0	0	0.0
真名实姓	2	0	0.0
恨警察的人	0	0	0.0
世说新语	15	0	0.0
女王之刃叛乱	0	0	0.0
我们的阳光	0	0	0.0
流浪的星星	0	0	0.0
上海生死劫	11	0	0.0
活尸末日	0	0	0.0
瞧这个人	0	0	0.0
奥勒冈州蓝皮书	0	0	0.0
Dr Tatiana给全球生物的性忠告	0	0	0.0
重回那天	0	0	0.0
Girl	0	0	0.0
红花侠与萝丝玛丽	0	0	0.0
猿的思想	0	0	0.0
寂寞之鸽亡命天涯	0	0	0.0
荒原狼	0	0	0.0
爱的艺术	15	0	0.0
尸体会说话	0	0	0.0
诗学	4	2	0.5
动物解放	1	0	0.0
生死场	4	2	0.5
新编武藏风土记稿	0	0	0.0
生态乌托邦	0	0	0.0
拉克伦特堡	0	0	0.0
女身男人	0	0	0.0
历程与实在	0	0	0.0
流亡	20	3	0.15
怪人们	1	0	0.0
哈利波特与混血王子	2	1	0.5
龙骑士	9	3	0.333333333333
第44个孩子	0	0	0.0
出了毛病	0	0	0.0
论自由	137	0	0.0
日巡者	0	0	0.0
人月神话	11	0	0.0
男色大鑑	0	0	0.0
猫城记	0	0	0.0
恋物语	0	0	0.0
你的降落伞是什么颜色	1	0	0.0
费曼物理学讲义	9	0	0.0
临床医学的诞生	0	0	0.0
五日谈	0	0	0.0
农林	54	17	0.314814814815
分成两半的子爵	1	0	0.0
死亡日记	1	1	1.0
好龙集	0	0	0.0
被出卖的台湾	0	0	0.0
二十年目睹之怪现状	4	0	0.0
玛莎的故事	0	0	0.0
海上教堂	0	0	0.0
微软出版社	0	0	0.0
绘画论	1	0	0.0
拉玛真相	0	0	0.0
布莉的重生─暮光之城蚀外传	0	0	0.0
九罚的恶魔召唤术	0	0	0.0
警世通言	2	2	1.0
美国人民的历史	0	0	0.0
基督信仰小问答	0	0	0.0
第二基地	1	0	0.0
五灯会元	1	0	0.0
东京闇鸦	0	0	0.0
卡特日记	0	0	0.0
裹尸布	0	0	0.0
科隆911	0	0	0.0
活了100万次的猫	0	0	0.0
新巡者	0	0	0.0
幸福的餐桌	0	0	0.0
陪妳到最后	0	0	0.0
万历十五年	45	37	0.822222222222
迷茫管家与胆怯的我	0	0	0.0
安娜卡列尼娜	13	6	0.461538461538
八大奇案	0	0	0.0
布谷鸟的呼唤	0	0	0.0
心尘往事	0	0	0.0
河童	30	12	0.4
黑夜之后	0	0	0.0
步兵攻击	0	0	0.0
汤姆叔叔的小屋	5	0	0.0
伊甸园	19	6	0.315789473684
古籍研究社系列	0	0	0.0
基地缔造者	0	0	0.0
法外正义	0	0	0.0
丰臣公主	0	0	0.0
博物志	2	0	0.0
拉玛迷境	0	0	0.0
义律小姐谋杀案	0	0	0.0
无神论者的错觉	0	0	0.0
暗夜长影	0	0	0.0
不适合少女的职业	0	0	0.0
钢穴	0	0	0.0
雪人	56	23	0.410714285714
圣殿风云	0	0	0.0
伯德街小岛	0	0	0.0
魔幻城堡	0	0	0.0
神圣的平衡	0	0	0.0
黑暗联盟	0	0	0.0
群魔	11	3	0.272727272727
步步惊心	67	30	0.44776119403
立陶宛百科全书	0	0	0.0
少年好莱坞	0	0	0.0
拂晓前	0	0	0.0
抬高房梁木匠们；西摩小传	0	0	0.0
好兵帅克	3	0	0.0
神鬼认证	1	0	0.0
喜福会	9	9	1.0
剑桥哲学辞典	0	0	0.0
地铁2033	0	0	0.0
地铁2034	0	0	0.0
地铁2035	0	0	0.0
桃乐丝的秘密	0	0	0.0
空洞的十字架	0	0	0.0
词与物	0	0	0.0
灾难小姐	0	0	0.0
Vril Society阴谋论	0	0	0.0
漂亮朋友	5	0	0.0
迷雾惊魂	0	0	0.0
太阳的季节	1	0	0.0
芝峰类说	0	0	0.0
太阳医生	0	0	0.0
美国英雄	1	0	0.0
挪威的森林	245	230	0.938775510204
星舰战将	0	0	0.0
强袭魔女	0	0	0.0
大逃杀	34	22	0.647058823529
读书分年日程	0	0	0.0
冷战谍魂	0	0	0.0
茶花女	40	37	0.925
死魂灵	1	1	1.0
战龙无畏	0	0	0.0
我辈孤雏	0	0	0.0
镜子里的陌生人——解离症一种隐藏的流行病	0	0	0.0
NINJA SLAYER忍者杀手	0	0	0.0
勇者凛的传说	0	0	0.0
八月之光	0	0	0.0
头脑体操	0	0	0.0
假面的告白	2	0	0.0
海湾圣诗	0	0	0.0
佩德罗巴拉莫	1	0	0.0
灼眼的夏娜	4	2	0.5
卡门	31	18	0.58064516129
日内瓦圣经	0	0	0.0
乐圣少女	0	0	0.0
丹麦女孩	7	0	0.0
卡勒瓦拉	0	0	0.0
夜鹰之星	0	0	0.0
罗马帝国衰亡史	8	0	0.0
侠骨丹心	0	0	0.0
为这美好的世界献上祝福	0	0	0.0
清代文学世家姻亲谱系	0	0	0.0
看不见的人	1	0	0.0
古今和歌集	0	0	0.0
苍穹的驱真	0	0	0.0
The Grimoire of Marisa	0	0	0.0
长征记	0	0	0.0
星期一故事集	0	0	0.0
渡河入林	0	0	0.0
2010太空漫游	0	0	0.0
第101篇百物语	0	0	0.0
直捣蜂窝的女孩	0	0	0.0
清洁技术革命	0	0	0.0
这漂亮的房间很空旷	0	0	0.0
太阳照常升起	27	15	0.555555555556
雁	188	45	0.239361702128
英文写作指南	0	0	0.0
说不完的故事	1	0	0.0
三十六剧	0	0	0.0
阿伊朵	0	0	0.0
少女3原则	0	0	0.0
动漫专门店	0	0	0.0
歌剧魅影	25	18	0.72
蒙古源流	1	0	0.0
小淘气尼古拉	11	0	0.0
汤姆庞巴迪历险记	0	0	0.0
魔宠	2	0	0.0
自由主义的没落	0	0	0.0
劝导	78	21	0.269230769231
常识	2246	692	0.308103294746
终巡者	0	0	0.0
红花侠传奇	0	0	0.0
失眠	2207	495	0.224286361577
猎豹	52	10	0.192307692308
显微图谱	0	0	0.0
牧师五部曲	0	0	0.0
光明王	6	0	0.0
印度之旅	0	0	0.0
钨丝舅舅	0	0	0.0
巧克力战争	0	0	0.0
戴尔格林	0	0	0.0
染血之室	0	0	0.0
实现之星	0	0	0.0
银河铁道之夜	4	0	0.0
小妇人	16	13	0.8125
Fate Apocrypha	0	0	0.0
草叶集	25	24	0.96
亚特兰大之夜	0	0	0.0
春宵苦短少女前进吧	0	0	0.0
宿命 1969-2010	0	0	0.0
黑洞婴儿宇宙及其他	0	0	0.0
御神乐学园组曲	0	0	0.0
设立守望者	0	0	0.0
无政府国家与乌托邦	0	0	0.0
惊魂子弹飞车	0	0	0.0
哈利波特与火焰杯	2	0	0.0
国际藻类真菌植物命名法规	0	0	0.0
管子	139	23	0.165467625899
冰人	6	2	0.333333333333
肉体窃贼	0	0	0.0
永远的菲蕾娜	0	0	0.0
黑鹰计画	0	0	0.0
汹湧暗河	0	0	0.0
女巫前传	0	0	0.0
罗马盛衰原因论	0	0	0.0
人猿泰山	7	3	0.428571428571
死亡预约	0	0	0.0
快乐影子之舞	0	0	0.0
德苏乌扎拉	0	0	0.0
引爆流行	0	0	0.0
玛丽包萍	0	0	0.0
黑塔VII黑暗之塔	0	0	0.0
Facebook性爱与金钱天才与背叛交织的祕辛	0	0	0.0
五十九种二十面体	0	0	0.0
国境以南 太阳以西	0	0	0.0
裸猿	4	0	0.0
命运之门	1	0	0.0
魔符	0	0	0.0
苏门答腊岛与西马来西亚的猪笼草	0	0	0.0
一名女水手的自白	0	0	0.0
未来之路	3	0	0.0
木星效应	0	0	0.0
哈利波特与死亡圣器	2	0	0.0
Dragon Crisis	0	0	0.0
看不见的大陆	1	0	0.0
随笔集	7	4	0.571428571429
中国历史地图	16	0	0.0
义愤填膺	18	5	0.277777777778
偶然也是最恶的少年	0	0	0.0
春&夏事件簿	0	0	0.0
伊凡伊里奇之死	0	0	0.0
公平延长	0	0	0.0
法兰西内战	0	0	0.0
自然选择的遗传理论	0	0	0.0
生命是什么	4	0	0.0
铁线蕨的忧郁	0	0	0.0
天使与魔鬼	86	19	0.220930232558
围城	283	134	0.473498233216
保卫马克思	0	0	0.0
西方善魔女	0	0	0.0
Jiu	0	0	0.0
与拉玛相会	1	0	0.0
日升之屋	0	0	0.0
太空飞鼠展神威	0	0	0.0
四重奏	11	6	0.545454545455
警官之血	0	0	0.0
西行漫记	1	0	0.0
精神病院	529	0	0.0
改变人生的大学	0	0	0.0
漫画版XX	0	0	0.0
日本文德天皇实录	0	0	0.0
圣境预言书	0	0	0.0
宾士先生	0	0	0.0
查令十字路84号	0	0	0.0
05mm	0	0	0.0
恶梦工厂	0	0	0.0
艺术的故事	7	0	0.0
Schwarzesmarken	0	0	0.0
大设计	21	0	0.0
罗马十二帝王传	1	0	0.0
群山淡景	0	0	0.0
恋爱检定	0	0	0.0
隐蔽搜查	0	0	0.0
数学确定性的丧失	0	0	0.0
红花侠外传	0	0	0.0
中华百科全书	0	0	0.0
奇点迫近	0	0	0.0
Unix编程艺术	0	0	0.0
男子啦啦队	0	0	0.0
地狱游记	0	0	0.0
种族灭绝	5	0	0.0
皇家赌场	12	7	0.583333333333
金田一少年之事件簿	1	0	0.0
白云阶梯	0	0	0.0
历史决定论的贫困	2	0	0.0
马可波罗游记	1	0	0.0
虎妈战歌	0	0	0.0
手套	558	104	0.186379928315
韩夫利少爷之钟	0	0	0.0
金火山	0	0	0.0
午夜追踪	0	0	0.0
凯恩舰事变	0	0	0.0
奥兰多	15	3	0.2
交友论	1	0	0.0
输送现象	0	0	0.0
対岸の彼女#テレビドラマ	0	0	0.0
训民正音	1	0	0.0
时髦的胡说后现代知识分子对科学的糟蹋	0	0	0.0
穿裘皮的维纳斯	3	0	0.0
檀香刑	16	0	0.0
虞美人草	2	0	0.0
黑塔I最后的枪客	0	0	0.0
玩火的女孩	1	0	0.0
希特勒的心理	0	0	0.0
秋暮之巨龙	0	0	0.0
惶然录	0	0	0.0
人类动物园	2	0	0.0
俄罗斯帝国红皮书	0	0	0.0
图案人	1	0	0.0
末日追杀	0	0	0.0
呼－吸－呼－吸	0	0	0.0
文镜秘府论	0	0	0.0
论人的责任	0	0	0.0
我是猫	30	12	0.4
忏悔录	7	5	0.714285714286
末日迷踪	5	0	0.0
威尼斯之石	0	0	0.0
飞翔公关室	0	0	0.0
人猿星球	11	7	0.636363636364
论基督徒的自由	0	0	0.0
贞子复活	0	0	0.0
卡瓦利与克雷的神奇冒险	0	0	0.0
悲剧的诞生	4	0	0.0
在黑暗中等待相遇	0	0	0.0
枯枝败叶	1	0	0.0
吴子	1	0	0.0
心灵白板论	0	0	0.0
黑塔V卡拉之狼	0	0	0.0
黑屋	622	0	0.0
我们是花样泡沫组	0	0	0.0
神样家族	0	0	0.0
智商与国民财富	0	0	0.0
群人之子	0	0	0.0
耶稣家族之墓	0	0	0.0
豪华之女	0	0	0.0
项目管理知识体系	0	0	0.0
殭尸少女的灾难	0	0	0.0
德国正在自取灭亡	0	0	0.0
钟形曲线美国社会中的智力与阶层结构	0	0	0.0
欢迎加入NHK	0	0	0.0
群鸦的盛宴	0	0	0.0
我的璀璨生涯	0	0	0.0
大出卖	0	0	0.0
作为意志和表象的世界	4	0	0.0
黑天鹅效应	0	0	0.0
教父	432	314	0.726851851852
屌你老母系	0	0	0.0
金河王	0	0	0.0
列子	112	13	0.116071428571
大盗巴拉巴	0	0	0.0
资治通鉴	106	95	0.896226415094
狗的自述	0	0	0.0
利维坦的恋人	0	0	0.0
一步登天	10	3	0.3
国家与革命	0	0	0.0
布朗神父的童心	0	0	0.0
茶具图赞	0	0	0.0
诸神的战车未解之谜	0	0	0.0
最后的忠臣藏	0	0	0.0
崇祯长编	0	0	0.0
笑忘书	17	9	0.529411764706
鸟人	117	65	0.555555555556
摩尔多瓦语罗马尼亚语辞典	0	0	0.0
马克思恩格斯选集	1	0	0.0
伏尔泰的朋友们	0	0	0.0
空中村落	0	0	0.0
政治学	95	46	0.484210526316
历史大全	0	0	0.0
肯纳尔沃思堡	0	0	0.0
法老	56	6	0.107142857143
破战者	0	0	0.0
双面葛蕾斯	0	0	0.0
法兰西组曲	1	0	0.0
我们数学的宇宙	0	0	0.0
德博战棋	0	0	0.0
毛泽东的大饥荒1958-1962年的中国浩劫史	0	0	0.0
乔治与大爆炸	0	0	0.0
黄色房间的秘密	0	0	0.0
光辉之书	0	0	0.0
穿越时空的少女	23	17	0.739130434783
梦的解析	22	0	0.0
赌徒	53	15	0.283018867925
当责从停止抱怨开始	0	0	0.0
马德里手稿	0	0	0.0
制造共识	0	0	0.0
万国公法	0	0	0.0
女巫	409	72	0.176039119804
黑孩子	8	0	0.0
黑色大理花	0	0	0.0
百科全书或科学艺术和工艺详解词典	0	0	0.0
神鬼通牒	0	0	0.0
黑暗带我走	0	0	0.0
生命课程	0	0	0.0
吸血鬼黎斯特	0	0	0.0
押沙龙押沙龙	1	0	0.0
在路上	1080	270	0.25
世事无常	17	0	0.0
小杜丽	1	0	0.0
交易将来	0	0	0.0
忧郁的解剖	0	0	0.0
朱砂鱼谱	0	0	0.0
猫打球商店	0	0	0.0
四季奇谭	0	0	0.0
南尼日利亚民间故事	0	0	0.0
石油	708	154	0.217514124294
人类的群星闪耀时	4	0	0.0
全能政府全能国家与全面战争的崛起	0	0	0.0
白发魔女传	9	7	0.777777777778
饿鬼毛时代大饥荒揭秘	0	0	0.0
PRAVE	0	0	0.0
奇普斯先生	0	0	0.0
卷录	0	0	0.0
接触未来	1	0	0.0
绿火星	1	0	0.0
苦行记	0	0	0.0
莉西的故事	0	0	0.0
中国影帝温家宝	0	0	0.0
慾望城市	0	0	0.0
一个环境战士的自白	0	0	0.0
囮物语	0	0	0.0
高堡奇人	10	0	0.0
越史略	0	0	0.0
帝国主义是资本主义的最高阶段	1	0	0.0
阿南西之子	0	0	0.0
论波兰政府	0	0	0.0
杀人不难	0	0	0.0
瑞斯丁娜或喻美德的不幸	0	0	0.0
沉默的羔羊	55	39	0.709090909091
新英汉词典	0	0	0.0
星光指路	0	0	0.0
三口之家	12	0	0.0
汀克溪的朝圣者	0	0	0.0
克力同篇	0	0	0.0
夜幕低垂	0	0	0.0
新注释本福尔摩斯探案	0	0	0.0
地下血道	0	0	0.0
东医宝鑑	0	0	0.0
臣服	36	8	0.222222222222
六韬	0	0	0.0
神谕之夜	0	0	0.0
匹克威克外传	0	0	0.0
丑陋的中国人	23	16	0.695652173913
蝴蝶春梦	0	0	0.0
熙德之歌	0	0	0.0
狄康卡近乡夜话	0	0	0.0
傻子旅行	0	0	0.0
我的青春恋爱喜剧果然有问题	0	0	0.0
三千年豔尸记	0	0	0.0
释放不列颠	0	0	0.0
我这一辈子	12	6	0.5
傲慢与偏见与殭尸	0	0	0.0
蓝调石墙T	0	0	0.0
改革历程	0	0	0.0
高效能青少年七个习惯培训	0	0	0.0
穆勒名学	0	0	0.0
规训与惩罚	3	0	0.0
流星蝴蝶剑	14	9	0.642857142857
未来学大会	0	0	0.0
图腾与禁忌	0	0	0.0
中国历史地图集	7	0	0.0
科尔库特之书	0	0	0.0
狮子女巫魔衣橱	0	0	0.0
向阴天绽放	0	0	0.0
棕国好狗	0	0	0.0
祈祷的幕垂下时	0	0	0.0
菲力帕斯篇	0	0	0.0
美国众神	1	1	1.0
创世论图谱	0	0	0.0
文学少女	17	0	0.0
天选	13	0	0.0
阿富汗人	2	0	0.0
范畴篇	0	0	0.0
勇敢的船长	0	0	0.0
行政国	0	0	0.0
世界问题与人类潜能百科全书	0	0	0.0
忘忧地	0	0	0.0
瞬间决断	0	0	0.0
狂热份子	1	0	0.0
美军战地记者伊拉克战争亲历记	0	0	0.0
最后一战虫族肆虐	0	0	0.0
宾州大道935	0	0	0.0
壮族通史	0	0	0.0
今日诸事大吉	0	0	0.0
绑架狂想曲	0	0	0.0
La 628-E8	0	0	0.0
阁楼上的疯女人	0	0	0.0
娱乐至死	27	0	0.0
阿方索星表	0	0	0.0
迷走超时空 i异世界行者	0	0	0.0
我弥留之际	0	0	0.0
英国工人阶级状况	1	0	0.0
智慧村的座敷童子	0	0	0.0
狗与剪刀必有用	0	0	0.0
Free as in Freedom理查德斯讬曼的自由软体志业	0	0	0.0
鸳鸯刀	4	3	0.75
食黄蜂的人	0	0	0.0
质量效应飞升	0	0	0.0
蒂迈欧篇	0	0	0.0
基度山恩仇记	0	0	0.0
莫斯可漩涡沉溺记	0	0	0.0
Re笨蛋也能拯救世界	0	0	0.0
鹿鼎记	67	44	0.65671641791
记得那片天空	0	0	0.0
自然界的艺术形态	0	0	0.0
冷观世变	0	0	0.0
内战记	1	0	0.0
奇怪的战败	0	0	0.0
国际象棋史	0	0	0.0
血色童话	1	0	0.0
菲尔米亚尼夫人	0	0	0.0
审判	209	72	0.344497607656
只是凡人	0	0	0.0
黑洞大战	0	0	0.0
论人性	6	0	0.0
掀开面纱	0	0	0.0
拥抱战败二次大战后的日本人	0	0	0.0
二十年后	69	0	0.0
蝇王	9	0	0.0
魔法科高中的劣等生	0	0	0.0
浩歌江上	0	0	0.0
西方哲学史	53	0	0.0
性	102739	28717	0.279514108566
天主教百科全书	0	0	0.0
必需品专卖店	0	0	0.0
两个威尔	0	0	0.0
自由文化	0	0	0.0
所罗门的伪证	0	0	0.0
伊斯兰教与宽容的未来	0	0	0.0
人生	14986	3461	0.230948885627
蓝星的预言	0	0	0.0
契丹国志	0	0	0.0
寓言	67	28	0.417910447761
皇帝烛台	0	0	0.0
塞外奇侠传	0	0	0.0
窗边的小荳荳	0	0	0.0
社会契约论	14	0	0.0
意外的春天	0	0	0.0
旧五代史	0	0	0.0
柠檬大嘴巴	0	0	0.0
愚蠢的白人	0	0	0.0
电的历史与现前状态	0	0	0.0
LOVELESS	0	0	0.0
海上花列传	2	0	0.0
多样的凯撒林	0	0	0.0
重视理解的课程设计	0	0	0.0
太合様军记之内	0	0	0.0
康州美国佬奇遇记	0	0	0.0
新月危机	0	0	0.0
窃贼日记	0	0	0.0
厄运连锁	0	0	0.0
华尔街之狼	39	0	0.0
我妹妹与我	0	0	0.0
神的孩子全跳舞	3	0	0.0
风速王子	0	0	0.0
学校的阶梯	0	0	0.0
神不掷骰子	0	0	0.0
师主篇	0	0	0.0
我们最幸福北韩人民的真实生活	0	0	0.0
日常生活的战略	0	0	0.0
半场无战事	0	0	0.0
不要让琴子不开心	0	0	0.0
切尔诺贝利的悲鸣	0	0	0.0
原子站	0	0	0.0
越女剑	3	0	0.0
霍乱时期的爱情	58	50	0.862068965517
天真与经验之歌	0	0	0.0
第三种黑猩猩	0	0	0.0
味噌养成魔法使	0	0	0.0
芬尼根守灵夜	3	0	0.0
怒火之翼	0	0	0.0
温达厄斯	0	0	0.0
AURA魔龙院光牙最后的战斗	0	0	0.0
另一面孔	0	0	0.0
詹巴斯的时日之书	0	0	0.0
史迈利的人马	0	0	0.0
左传	39	37	0.948717948718
资本论第一卷	0	0	0.0
九月寓言	0	0	0.0
三藏	48	12	0.25
时间的女儿	0	0	0.0
基督的最后诱惑	0	0	0.0
暮光之城蚀	0	0	0.0
春宫电影	0	0	0.0
雅加达的黄昏	0	0	0.0
中国的宗教儒教与道教	0	0	0.0
KK音标	0	0	0.0
艰难时世	0	0	0.0
天使不流泪	0	0	0.0
沙乡年鉴	0	0	0.0
Re从零开始的异世界生活	0	0	0.0
庄子	173	92	0.531791907514
波上的魔术师	0	0	0.0
无尾兽的目光	0	0	0.0
凯旋门	14	0	0.0
恋上不死之男的少女	0	0	0.0
乔治鲁兹	0	0	0.0
心	200069	50940	0.254612158805
天安门文件	0	0	0.0
村子	528	90	0.170454545455
光荣与梦想	13	0	0.0
人面兽心	5	3	0.6
七粒星	0	0	0.0
咆哮山庄	0	0	0.0
青春	3719	1566	0.421080935735
PlanetMath	0	0	0.0
最后一个影坛大亨	0	0	0.0
DD北斗之拳	0	0	0.0
修女安魂曲	0	0	0.0
来自边缘的明信片	0	0	0.0
第三方	542	120	0.221402214022
平行恋人	0	0	0.0
地狱	697	210	0.301291248207
沃斯	25	6	0.24
韩国民族文化大百科	0	0	0.0
资本论第三卷	0	0	0.0
灵山	22	4	0.181818181818
中国属灵需要的呼声	0	0	0.0
黑色星期天	9	0	0.0
蛙	1499	593	0.39559706471
麻辣公主	0	0	0.0
魔山印石	0	0	0.0
十月国度	0	0	0.0
没有色彩的多崎造和他的巡礼之年	1	0	0.0
布罗克豪斯社交词典	0	0	0.0
停滞的帝国	0	0	0.0
NO GAME NO LIFE 游戏人生	0	0	0.0
古逸丛书	0	0	0.0
24重人格	0	0	0.0
马氏文通	0	0	0.0
旧唐书	1	1	1.0
黑色兄弟	0	0	0.0
自然哲学的数学原理	4	0	0.0
R-15	0	0	0.0
月岛慕情	0	0	0.0
刺猬的优雅	27	0	0.0
弹跳先生	0	0	0.0
坏女孩的恶作剧	0	0	0.0
绯弹的亚莉亚	1	0	0.0
众生之路	0	0	0.0
热情x冷颤	0	0	0.0
第三帝国内幕	0	0	0.0
伦敦计画	0	0	0.0
秋叶原@DEEP	0	0	0.0
项狄传	0	0	0.0
馀命	0	0	0.0
海国图志	1	0	0.0
少年阴阳师	0	0	0.0
为了N	0	0	0.0
C³魔幻三次方	0	0	0.0
地海孤雏	0	0	0.0
人性的枷锁	3	0	0.0
艾德兰朵	0	0	0.0
荆棘之城	0	0	0.0
西藏生死书	13	0	0.0
GOSICK	0	0	0.0
0能者九条凑	0	0	0.0
绿色贝雷帽	1	0	0.0
生命中不能承受之轻	8	8	1.0
通往奴役之路	6	0	0.0
吉尔布拉斯	0	0	0.0
写作	1538	516	0.335500650195
天使游戏	0	0	0.0
马尔多罗之歌	1	0	0.0
无畏的希望	0	0	0.0
七万言书	0	0	0.0
一个瑜伽行者的自传	1	0	0.0
大漠谣	7	6	0.857142857143
迷雾之子最后帝国	0	0	0.0
斜阳	24	8	0.333333333333
圣女的救济	3	0	0.0
幸运儿吉姆	0	0	0.0
面包与自由	1	0	0.0
毛泽东传	3	3	1.0
日葡辞书	0	0	0.0
破天神记	0	0	0.0
奢侈恋爱会降临到我身上吗	0	0	0.0
黄金之路	0	0	0.0
勿忘我	10	2	0.2
今晚拥抱你的心	0	0	0.0
颤栗黑影	0	0	0.0
哈比人历险记	0	0	0.0
沉思录	16	16	1.0
人的境况	1	0	0.0
穿普拉达的女王	13	8	0.615384615385
柳生忍法帖	0	0	0.0
长阿含经	0	0	0.0
神鬼传承	0	0	0.0
一个都不留	0	0	0.0
茶谱	0	0	0.0
汤姆求学记	0	0	0.0
OSPD第四版	0	0	0.0
大江大海一九四九	3	0	0.0
川之光	1	0	0.0
魔弹之王与战姬	0	0	0.0
化学工程师手册	0	0	0.0
四的法则	0	0	0.0
穆吉台巴圣训集	0	0	0.0
物理学的进化	0	0	0.0
二十一世纪资本论	0	0	0.0
长途跋涉	6	2	0.333333333333
钦定四库全书总目提要	0	0	0.0
爱是一种病	5	0	0.0
寻羊冒险记	0	0	0.0
希望被送出的我们	0	0	0.0
彼得的葬礼	0	0	0.0
永恒的终结	2	0	0.0
伊拉龙	0	0	0.0
可怕的科学	3	0	0.0
罗布罗伊	0	0	0.0
蓝海策略	0	0	0.0
越南亡国史	0	0	0.0
侦探小队KZ事件簿	0	0	0.0
里斯本夜车	1	0	0.0
化学术语总目录	0	0	0.0
东观汉记	1	0	0.0
京华烟云	17	13	0.764705882353
查密莉雅	0	0	0.0
波特贝罗女巫	0	0	0.0
Mycelium Running	0	0	0.0
乔凡尼的房间	0	0	0.0
等待野蛮人	0	0	0.0
宋史	25	13	0.52
爱之流刑地	0	0	0.0
就算是哥哥有爱就没问题了对吧	0	0	0.0
梅格&赛隆	0	0	0.0
死亡印记	0	0	0.0
夜访吸血鬼	26	17	0.653846153846
小公主	424	66	0.155660377358
转机	183	34	0.185792349727
祖国	563	159	0.282415630551
茵梦湖	1	1	1.0
苹果橘子经济学	0	0	0.0
嫌疑犯X的献身	0	0	0.0
现代汉语方言大词典	0	0	0.0
地心历险记	1	1	1.0
1Q84	0	0	0.0
坎特伯雷故事集	0	0	0.0
最后致意	0	0	0.0
黑塔穿过锁匙孔的风	0	0	0.0
猫着魔	0	0	0.0
完全自杀手册	2	0	0.0
资本论	41	34	0.829268292683
一段情	8	0	0.0
魔界转生	0	0	0.0
爱的成人式	2	0	0.0
牛津英语词典	1	1	1.0
墨子	46	19	0.413043478261
努曼诺尔沦亡史	0	0	0.0
现代英文译本	0	0	0.0
深夜烘焙坊	0	0	0.0
2666	0	0	0.0
金色笔记	1	0	0.0
单元操作	0	0	0.0
犹太古史	0	0	0.0
丈夫的女朋友	0	0	0.0
大师	2406	717	0.298004987531
追忆逝水年华	9	0	0.0
水浒传	150	89	0.593333333333
龙与地下城玩家手册	0	0	0.0
再见吾爱	0	0	0.0
消失的地平线	1	0	0.0
男学生阿尔西比亚德斯	0	0	0.0
飘	5540	1119	0.201985559567
差分机	3	0	0.0
摩西六书与七书	0	0	0.0
新本格魔法少女莉丝佳	0	0	0.0
高尔吉亚篇	0	0	0.0
阿Q正传	0	0	0.0
河上一周	0	0	0.0
飞狐外传	13	7	0.538461538462
董贝父子	0	0	0.0
风之大陆	0	0	0.0
丽塔海华丝与萧山克监狱的救赎	0	0	0.0
大白鲨	13	3	0.230769230769
在池塘里	0	0	0.0
粤音韵汇	0	0	0.0
旧制度与大革命	8	0	0.0
南方	2659	571	0.214742384355
秀逗魔导士	1	1	1.0
森口织人的帝王学	0	0	0.0
镜花缘	12	7	0.583333333333
那一代可敬的开国元勋	0	0	0.0
童军警探	0	0	0.0
大唐游侠传	1	1	1.0
群书摘要	0	0	0.0
忧郁的热带	5	0	0.0
就业利息和货币通论	0	0	0.0
来自中国北方的情人	1	0	0.0
千面英雄	2	0	0.0
计算机程序的构造和解释	0	0	0.0
吹梦巨人	0	0	0.0
银翼杀手	18	10	0.555555555556
肉蒲团	12	8	0.666666666667
怪物来敲门	0	0	0.0
青蛙公主	0	0	0.0
地下世界	0	0	0.0
慢人	3	0	0.0
酒国	2	0	0.0
时间简史	45	38	0.844444444444
斐德罗篇	0	0	0.0
迷你裙宇宙海贼	0	0	0.0
羊毛战记	0	0	0.0
论产生和毁灭	0	0	0.0
莎士比亚十四行诗	1	0	0.0
来自新世界	13	0	0.0
剑花烟雨江南	0	0	0.0
棺姬嘉依卡	1	0	0.0
算术简介	0	0	0.0
肉体的恶魔	0	0	0.0
错误的相对论	0	0	0.0
机动人偶	0	0	0.0
文明的度量	0	0	0.0
黎明杀手	0	0	0.0
她是我哥哥	0	0	0.0
发条精灵战记 天镜的极北之星	0	0	0.0
出人意表情理之中费曼书信集	0	0	0.0
爱与战	0	0	0.0
炼爱学狱	0	0	0.0
自来也	295	0	0.0
杰罗德游戏	0	0	0.0
流星之绊	12	11	0.916666666667
开始邮政	0	0	0.0
白金数据	1	0	0.0
Ourika	0	0	0.0
索拉里斯星	1	0	0.0
名人	1410	263	0.186524822695
男孩	2922	539	0.184462696783
红色闪电	0	0	0.0
危险小径	0	0	0.0
有生之年非玩不可的1001款游戏	0	0	0.0
13阶梯	0	0	0.0
任何速度都不安全	0	0	0.0
金色预谋	0	0	0.0
盖普眼中的世界	0	0	0.0
魔法师的外甥	0	0	0.0
狐狸那时已是猎人	0	0	0.0
黑塔VI苏珊娜之歌	0	0	0.0
艳之夜	0	0	0.0
一个艺妓的回忆	0	0	0.0
龙之眼	0	0	0.0
长尾	33	18	0.545454545455
异乡异客	1	0	0.0
圣剑锻造师	0	0	0.0
理性和革命	0	0	0.0
日本百名山	0	0	0.0
云图	106	84	0.792452830189
地理	1129	357	0.316209034544
患难	48	9	0.1875
自私的基因	34	0	0.0
延安日记	1	0	0.0
大奥之樱	0	0	0.0
皮尔兰德拉星	0	0	0.0
哈比人的历史	0	0	0.0
魔女嘉莉	2	0	0.0
恋爱中的女人	11	0	0.0
巴尔扎克与小裁缝	1	0	0.0
MM一族	0	0	0.0
几何原本	4	0	0.0
汉娜的遗言	0	0	0.0
剑刃风暴	0	0	0.0
美涅克塞努篇	0	0	0.0
民族主义与文化	0	0	0.0
斯波克的世界	0	0	0.0
一个小小的建议	0	0	0.0
铁证如山	27	2	0.0740740740741
艾西莫夫圣经指南	0	0	0.0
凯利帮真史	0	0	0.0
读史方舆纪要	2	0	0.0
格杀指令	0	0	0.0
哈佛女孩	2	0	0.0
射鵰英雄传	0	0	0.0
珍珠	750	220	0.293333333333
风雨絃歌	0	0	0.0
生命宇宙及万事万物	0	0	0.0
美国法典	0	0	0.0
保罗与维吉妮	0	0	0.0
第三波20世纪后期的民主化浪潮	0	0	0.0
Avatar	0	0	0.0
兰贵人	1	0	0.0
晏子春秋	0	0	0.0
1973年的弹子球	0	0	0.0
坟墓的闯入者	0	0	0.0
六花的勇者	2	0	0.0
心血运动论	0	0	0.0
球状闪电	18	0	0.0
新生活版英文翻译本圣经	0	0	0.0
创圣机械天使EVOL	0	0	0.0
中午的黑暗	0	0	0.0
与机器赛跑	1	0	0.0
夜班经理	2	0	0.0
血色土地	0	0	0.0
逃离	335	55	0.164179104478
复制的脸与反向少女	0	0	0.0
度亡经	0	0	0.0
梦境交错	0	0	0.0
心理学原理	8	0	0.0
光荣的家庭	0	0	0.0
海角一乐园	0	0	0.0
星际信使	0	0	0.0
HUNDRED百武装战记	0	0	0.0
卡城名蛙	0	0	0.0
黄金时代	115	77	0.669565217391
天使的孩子	0	0	0.0
永远的王	4	0	0.0
掠夺者	2	0	0.0
地下室手记	1	0	0.0
奥勃洛莫夫	0	0	0.0
西班牙皇家学院字典	0	0	0.0
虚空之盒与零之麻理亚	0	0	0.0
动物和植物在家养下的变异	0	0	0.0
教育漫话	0	0	0.0
盗梦侦探	5	0	0.0
当中国统治世界	0	0	0.0
东方快车谋杀案	3	1	0.333333333333
一种新科学	0	0	0.0
约翰逊字典	0	0	0.0
征服新西班牙信史	0	0	0.0
那天我用爸爸换了两条金鱼	0	0	0.0
基因伦理	0	0	0.0
从此以后	59	0	0.0
便当	849	159	0.187279151943
流动的飨宴	0	0	0.0
最弱无败神装机龙	0	0	0.0
哥德传说	0	0	0.0
德谟克利特的自然哲学和伊比鸠鲁的自然哲学之区别	0	0	0.0
新的世界	32	0	0.0
黄河鱼类志	0	0	0.0
我是传奇	21	15	0.714285714286
萤烧谷仓其他短篇	0	0	0.0
关于拉森和我有些事我想告诉你	0	0	0.0
复乐园	0	0	0.0
当代圣经	0	0	0.0
快乐退休	0	0	0.0
壁花男孩	0	0	0.0
青铜鹰	0	0	0.0
秘密花园	225	89	0.395555555556
烽火危城	0	0	0.0
移动迷宫3死亡解药	0	0	0.0
浮云	495	113	0.228282828283
恐怖的夏夜	0	0	0.0
牛津美食指南	0	0	0.0
How to Start a Business in Taiwan	0	0	0.0
同栖生活	0	0	0.0
爱是如此孩子气	0	0	0.0
复仇者	339	168	0.495575221239
灵心小史	0	0	0.0
蜘蛛网中的女孩	0	0	0.0
风吹了	1	0	0.0
风鸣曲	0	0	0.0
越南百科辞典	0	0	0.0
三体II黑暗森林	0	0	0.0
南京大屠杀中的美国活菩萨	0	0	0.0
毛泽东鲜为人知的故事	3	0	0.0
食人魔楼下	0	0	0.0
算术研究	2	0	0.0
洞穴壁画之地	0	0	0.0
警觉的赫勒华德	0	0	0.0
邪恶生涯	0	0	0.0
浮世画家	0	0	0.0
强盗的女儿	0	0	0.0
恨友谊追求爱情婚姻	0	0	0.0
第一本书	25	0	0.0
机器人咬人	0	0	0.0
源头	124	32	0.258064516129
麦迪逊之桥	1	0	0.0
未授权哈利波特中文小说	0	0	0.0
月亮宝石	0	0	0.0
壳中少女	4	0	0.0
达尔文电波	0	0	0.0
新阶级对共产主义制度的分析	0	0	0.0
天谴者的女王	0	0	0.0
越南史略	0	0	0.0
一个孤独漫步者的遐想	0	0	0.0
鱼类自然史	0	0	0.0
西班牙岬角的秘密	0	0	0.0
伤物语	3	0	0.0
玩笑	2107	531	0.252017085904
反基督——彼得和阿列克塞	0	0	0.0
浸着时光的早晨	0	0	0.0
知识的边界	0	0	0.0
上尉的女儿	0	0	0.0
神之谜	2	0	0.0
爱之工	0	0	0.0
新亚特兰提斯	0	0	0.0
世界的碰撞	0	0	0.0
论法的精神	9	0	0.0
过往世纪的馀晖	0	0	0.0
月亮池	0	0	0.0
艾希曼在耶路撒冷	0	0	0.0
琱玉集	0	0	0.0
雪白血红	2	2	1.0
伦敦蒙难记	0	0	0.0
春雪	12	0	0.0
双城记	30	25	0.833333333333
罗汉柏三三七拍子	0	0	0.0
风之圣痕	3	0	0.0
怕飞	10	0	0.0
阿育王传	0	0	0.0
吉尼斯世界纪录大全	1	0	0.0
击剑大师	0	0	0.0
基地与帝国	3	0	0.0
历史绪论	0	0	0.0
波西杰克森—妖魔之海	0	0	0.0
纯粹理性批判	12	0	0.0
荒野之月	0	0	0.0
白鸭记	0	0	0.0
ROOM NO1301	0	0	0.0
福尔摩斯回忆录	0	0	0.0
女教论	0	0	0.0
两种文化	2	0	0.0
阿姆斯特丹	27	10	0.37037037037
抢救鬼影家族	0	0	0.0
列王纪	0	0	0.0
战争与和平法	0	0	0.0
下町火箭	2	0	0.0
人及其象征	0	0	0.0
神不在的星期天	0	0	0.0
神经漫游者	4	0	0.0
政府正在监控你史诺登揭密	0	0	0.0
鸠子与我的爱情喜剧	0	0	0.0
心灵钥匙	0	0	0.0
格雷的五十道阴影	9	0	0.0
一生	8765	2012	0.229549343982
可解螺旋	0	0	0.0
勇踏星途	0	0	0.0
包法利夫人	10	0	0.0
内裤超人与恐怖的史屁多教授	0	0	0.0
战争与回忆	0	0	0.0
对魔导学园35试验小队	0	0	0.0
奥拉克之手	0	0	0.0
赎罪奏鸣曲	0	0	0.0
泰芮丝的寂爱人生	0	0	0.0
罗莉塔	0	0	0.0
鬼物语	1	0	0.0
伊势物语	1	0	0.0
失落之城Z	0	0	0.0
涡堤孩	0	0	0.0
圣经和合本	1	0	0.0
书剑恩仇录	4	3	0.75
协和书	0	0	0.0
班杰明的奇幻旅程	0	0	0.0
闪灵	38	27	0.710526315789
宋元学案	0	0	0.0
西番雅书	0	0	0.0
社会静力学	0	0	0.0
语言本能	2	0	0.0
中华大字典	0	0	0.0
源氏物语	19	15	0.789473684211
PS I Love You	0	0	0.0
总会归来	1	0	0.0
city of glass	0	0	0.0
隔壁的战争	0	0	0.0
破裂	155	24	0.154838709677
布拉格墓园	0	0	0.0
天才雷普利	5	4	0.8
道里邦国志	0	0	0.0
人的错误量度	0	0	0.0
报佳音	0	0	0.0
星期六	73	21	0.287671232877
菜根谭	22	17	0.772727272727
吃掉死神的少女	0	0	0.0
镜子战争	0	0	0.0
失落的世界	1	1	1.0
神鬼猎人	0	0	0.0
希波克拉底全集	0	0	0.0
浮生录	1	0	0.0
鬼太郎之妻	0	0	0.0
歌德谈话录	0	0	0.0
奇幻马和传说	0	0	0.0
后分析篇	0	0	0.0
天使拉结尔之书	0	0	0.0
异变13秒	0	0	0.0
对某飞行员的追忆	0	0	0.0
四月早晨	0	0	0.0
秀拉	2	0	0.0
美国货币史	4	0	0.0
伤心咖啡馆之歌	2	0	0.0
未完成的故事	0	0	0.0
萌芽	63	35	0.555555555556
慧剑心魔	0	0	0.0
克拉丽莎	0	0	0.0
欢迎来我家	14	0	0.0
地球任务	0	0	0.0
凭物语	1	0	0.0
第22条军规	0	0	0.0
热夜之梦	2	0	0.0
BOBO族新社会精英的崛起	0	0	0.0
美丽与毁灭	0	0	0.0
德米安	4	4	1.0
宠物坟场	1	0	0.0
欧也妮葛朗台	4	0	0.0
天主教教理	0	0	0.0
情人	2178	447	0.20523415978
地狱变	23	0	0.0
十日谈	11	7	0.636363636364
红花侠之道	0	0	0.0
劫梦惊魂	0	0	0.0
微物之神	0	0	0.0
夜林	1	0	0.0
K-PAX	0	0	0.0
清史稿	2	2	1.0
雨果卡布雷的发明	0	0	0.0
繁星若尘	0	0	0.0
百分之七溶液	0	0	0.0
怪诞行为学	17	0	0.0
黑纪元	0	0	0.0
剧团Theatre	0	0	0.0
黄金蛋	7	1	0.142857142857
一封到基督教国家的信	0	0	0.0
玫瑰奇蹟	0	0	0.0
骸骨之城	1	0	0.0
他们	21534	5369	0.249326646234
解释篇	0	0	0.0
黑神驹	0	0	0.0
造花之蜜	0	0	0.0
假情妇	0	0	0.0
我要成为双马尾	3	0	0.0
公主新娘	0	0	0.0
HOME 亲爱的座敷童子	0	0	0.0
万魔殿	0	0	0.0
